3 0.20072115384615385 0.703125 0.30528846153846156 0.22596153846153846
3 0.5084134615384616 0.6935096153846154 0.27884615384615385 0.23798076923076922
3 0.8125 0.6947115384615384 0.28365384615384615 0.23317307692307693
3 0.21754807692307693 0.5252403846153846 0.27163461538461536 0.18509615384615385
3 0.5036057692307693 0.5192307692307693 0.2644230769230769 0.1971153846153846
3 0.7872596153846154 0.5264423076923077 0.27163461538461536 0.18990384615384615
3 0.21754807692307693 0.38341346153846156 0.25721153846153844 0.18028846153846154
3 0.49399038461538464 0.38461538461538464 0.2620192307692308 0.17307692307692307
3 0.7764423076923077 0.3870192307692308 0.25721153846153844 0.17307692307692307
3 0.21875 0.25961538461538464 0.25240384615384615 0.16346153846153846
3 0.48677884615384615 0.25600961538461536 0.24759615384615385 0.16346153846153846
3 0.7524038461538461 0.26322115384615385 0.25 0.17307692307692307