10 0.21875 0.096875 0.28125 0.19375
10 0.4984375 0.32708333333333334 0.265625 0.25625
10 0.23984375 0.3145833333333333 0.2484375 0.25416666666666665
10 0.08359375 0.29375 0.1671875 0.2708333333333333
10 0.58984375 0.28229166666666666 0.1171875 0.24791666666666667
10 0.7953125 0.43645833333333334 0.259375 0.28125
10 0.89140625 0.315625 0.2140625 0.3145833333333333
10 0.96328125 0.23958333333333334 0.0703125 0.32916666666666666
10 0.721875 0.27291666666666664 0.14375 0.2625
10 0.8125 0.16041666666666668 0.1890625 0.2
10 0.91484375 0.075 0.1609375 0.15
10 0.27578125 0.8270833333333333 0.3359375 0.3416666666666667
10 0.85546875 0.7083333333333334 0.2859375 0.25833333333333336