10 0.1703125 0.08229166666666667 0.28125 0.16458333333333333
10 0.4421875 0.29791666666666666 0.25 0.25833333333333336
10 0.19140625 0.28541666666666665 0.2484375 0.25416666666666665
10 0.059375 0.26458333333333334 0.11875 0.2708333333333333
10 0.525 0.253125 0.084375 0.24791666666666667
10 0.68359375 0.06354166666666666 0.2296875 0.12708333333333333
10 0.86953125 0.09583333333333334 0.2578125 0.19166666666666668
10 0.03828125 0.9229166666666667 0.0765625 0.15
10 0.109375 0.93125 0.084375 0.13333333333333333
10 0.1265625 0.6375 0.08125 0.12083333333333333
10 0.48125 0.9145833333333333 0.04375 0.04791666666666667
10 0.26875 0.665625 0.06875 0.06041666666666667
10 0.95625 0.5947916666666667 0.084375 0.29375
10 0.8734375 0.496875 0.153125 0.11458333333333333