10 0.1296875 0.1 0.10625 0.2
10 0.05625 0.16666666666666666 0.1 0.19166666666666668
10 0.053125 0.28854166666666664 0.10625 0.09791666666666667
10 0.17734375 0.3 0.1015625 0.075
10 0.1765625 0.17708333333333334 0.0953125 0.2125
10 0.246875 0.08229166666666667 0.125 0.16458333333333333
10 0.31875 0.041666666666666664 0.14375 0.08333333333333333
10 0.63046875 0.071875 0.1953125 0.14375
10 0.15078125 0.8135416666666667 0.3015625 0.36875
10 0.2359375 0.6541666666666667 0.403125 0.49166666666666664
10 0.83046875 0.5052083333333334 0.1859375 0.21875