10 0.15703125 0.140625 0.3140625 0.28125
10 0.18515625 0.3385416666666667 0.3703125 0.3770833333333333
10 0.8375 0.046875 0.321875 0.09375
10 0.8359375 0.5114583333333333 0.325 0.12708333333333333
10 0.5125 0.475 0.246875 0.17916666666666667
10 0.76015625 0.38333333333333336 0.4140625 0.21875
10 0.88984375 0.23645833333333333 0.2171875 0.19791666666666666
10 0.5921875 0.22708333333333333 0.328125 0.1625
10 0.47578125 0.275 0.1734375 0.2125
10 0.52734375 0.08229166666666667 0.2765625 0.15208333333333332
10 0.825 0.12604166666666666 0.346875 0.13958333333333334
10 0.19375 0.815625 0.3875 0.3645833333333333
10 0.7 0.859375 0.465625 0.27708333333333335