10 0.09375 0.3572916666666667 0.1875 0.38125
10 0.090625 0.07604166666666666 0.18125 0.15208333333333332
10 0.3015625 0.16770833333333332 0.23125 0.33541666666666664
10 0.91796875 0.41458333333333336 0.1609375 0.26666666666666666
10 0.978125 0.21041666666666667 0.040625 0.3458333333333333
10 0.86640625 0.303125 0.215625 0.3145833333333333
10 0.584375 0.3770833333333333 0.1484375 0.21041666666666667
10 0.2015625 0.70625 0.296875 0.3125
10 0.809375 0.778125 0.246875 0.34375
10 0.578125 0.715625 0.240625 0.33125
10 0.74140625 0.603125 0.2421875 0.10625