10 0.1984375 0.08333333333333333 0.0796875 0.1
10 0.16171875 0.23333333333333334 0.1109375 0.10833333333333334
10 0.28984375 0.23229166666666667 0.084375 0.09583333333333334
10 0.27109375 0.03958333333333333 0.0984375 0.07916666666666666
10 0.27890625 0.128125 0.0828125 0.10625
10 0.5265625 0.1125 0.0625 0.1625
10 0.54375 0.24375 0.028125 0.10416666666666667
10 0.546875 0.3177083333333333 0.021875 0.08125
10 0.35078125 0.203125 0.053125 0.05416666666666667
10 0.3734375 0.16458333333333333 0.0609375 0.07916666666666666
10 0.14375 0.16979166666666667 0.053125 0.052083333333333336
10 0.11328125 0.134375 0.103125 0.11666666666666667
10 0.03984375 0.040625 0.0609375 0.058333333333333334
10 0.37421875 0.051041666666666666 0.0453125 0.06875
10 0.19765625 0.8520833333333333 0.3953125 0.2916666666666667
10 0.8890625 0.7875 0.21875 0.42083333333333334