10 0.07890625 0.478125 0.1359375 0.16041666666666668
10 0.05703125 0.265625 0.1109375 0.20208333333333334
10 0.1171875 0.16145833333333334 0.0890625 0.11041666666666666
10 0.14609375 0.28125 0.0734375 0.09791666666666667
10 0.15546875 0.409375 0.0515625 0.1
10 0.2796875 0.253125 0.0640625 0.0875
10 0.4140625 0.375 0.0796875 0.1
10 0.37734375 0.525 0.1109375 0.10833333333333334
10 0.4578125 0.31666666666666665 0.040625 0.10833333333333334
10 0.465625 0.4197916666666667 0.025 0.10625
10 0.359375 0.46145833333333336 0.0546875 0.05
10 0.32890625 0.42604166666666665 0.1015625 0.11666666666666667
10 0.25546875 0.33229166666666665 0.0609375 0.05625
10 0.33125 0.7833333333333333 0.1265625 0.25833333333333336
10 0.43359375 0.8 0.0890625 0.23333333333333334
10 0.4359375 0.95625 0.084375 0.08333333333333333
10 0.3171875 0.9395833333333333 0.0984375 0.1125
10 0.8984375 0.6354166666666666 0.2 0.09166666666666666
10 0.83671875 0.9291666666666667 0.3234375 0.1375
10 0.95078125 0.8239583333333333 0.0953125 0.19791666666666666
10 0.7140625 0.8145833333333333 0.328125 0.1625
10 0.58203125 0.8625 0.2046875 0.2125
10 0.63359375 0.6697916666666667 0.3078125 0.15208333333333332
10 0.8859375 0.7135416666666666 0.225 0.13958333333333334