10 0.209375 0.340625 0.41875 0.11458333333333333
10 0.165625 0.12916666666666668 0.33125 0.25833333333333336
10 0.42109375 0.25833333333333336 0.2546875 0.2791666666666667
10 0.42734375 0.11770833333333333 0.1796875 0.23541666666666666
10 0.71484375 0.28020833333333334 0.2234375 0.23541666666666666
10 0.075 0.5135416666666667 0.15 0.22708333333333333
10 0.20859375 0.459375 0.1890625 0.11875
10 0.3734375 0.4583333333333333 0.153125 0.11666666666666667
10 0.5015625 0.51875 0.09375 0.2
10 0.29765625 0.59375 0.1859375 0.2375
10 0.459375 0.6979166666666666 0.178125 0.2375
10 0.45546875 0.9145833333333333 0.1859375 0.16666666666666666
10 0.2671875 0.8364583333333333 0.1796875 0.22708333333333333
10 0.09296875 0.7302083333333333 0.175 0.24375
10 0.11484375 0.93125 0.2015625 0.13333333333333333
10 0.93359375 0.5239583333333333 0.1296875 0.07708333333333334
10 0.90390625 0.6052083333333333 0.1734375 0.075