10 0.1609375 0.33958333333333335 0.2875 0.19583333333333333
10 0.37265625 0.30104166666666665 0.1890625 0.18541666666666667
10 0.15 0.23541666666666666 0.178125 0.24375
10 0.73359375 0.21875 0.5296875 0.4375
10 0.14375 0.6979166666666666 0.2875 0.5
10 0.3796875 0.6854166666666667 0.175 0.4666666666666667
10 0.25390625 0.5197916666666667 0.3578125 0.16041666666666668
10 0.61875 0.9229166666666667 0.3 0.15
10 0.84375 0.6802083333333333 0.309375 0.48125
10 0.7 0.7447916666666666 0.371875 0.43333333333333335
10 0.50390625 0.7822916666666667 0.0703125 0.20625