10 0.40546875 0.16041666666666668 0.3046875 0.32083333333333336
10 0.21875 0.06458333333333334 0.346875 0.12916666666666668
10 0.9546875 0.17395833333333333 0.0875 0.34791666666666665
10 0.8125 0.184375 0.215625 0.32708333333333334
10 0.6390625 0.15416666666666667 0.159375 0.30833333333333335
10 0.2953125 0.8708333333333333 0.296875 0.25416666666666665
10 0.1859375 0.6729166666666667 0.309375 0.3020833333333333
10 0.134375 0.47708333333333336 0.26875 0.25416666666666665
10 0.45078125 0.753125 0.2140625 0.25625
10 0.425 0.5229166666666667 0.246875 0.23541666666666666
10 0.46328125 0.934375 0.1828125 0.12708333333333333
10 0.7328125 0.44895833333333335 0.21875 0.19791666666666666
10 0.93046875 0.396875 0.1359375 0.09375