10 0.19375 0.23541666666666666 0.3875 0.3375
10 0.58359375 0.06354166666666666 0.0890625 0.07708333333333334
10 0.6859375 0.07291666666666667 0.1265625 0.075
10 0.80703125 0.053125 0.1359375 0.05416666666666667
10 0.853125 0.1 0.15 0.07291666666666667
10 0.940625 0.052083333333333336 0.115625 0.0625
10 0.9703125 0.1 0.05625 0.05
10 0.64296875 0.20625 0.2078125 0.14166666666666666
10 0.8640625 0.21875 0.23125 0.12708333333333333
10 0.7421875 0.35 0.3375 0.25416666666666665
10 0.95703125 0.38229166666666664 0.0828125 0.18541666666666667
10 0.2375 0.678125 0.384375 0.39791666666666664
10 0.76875 0.740625 0.459375 0.5145833333333333