3 0.06009615384615385 0.5108173076923077 0.1201923076923077 0.30528846153846156
3 0.23076923076923078 0.49759615384615385 0.1875 0.3076923076923077
3 0.42788461538461536 0.48677884615384615 0.18028846153846154 0.31009615384615385
3 0.6334134615384616 0.5024038461538461 0.18990384615384615 0.3076923076923077
3 0.8257211538461539 0.49158653846153844 0.18509615384615385 0.31490384615384615
3 0.9675480769230769 0.49278846153846156 0.06490384615384616 0.29086538461538464
3 0.05889423076923077 0.8389423076923077 0.11538461538461539 0.32211538461538464
3 0.2283653846153846 0.8401442307692307 0.18269230769230768 0.30528846153846156
3 0.4326923076923077 0.8365384615384616 0.18990384615384615 0.32211538461538464
3 0.6274038461538461 0.8305288461538461 0.18509615384615385 0.31490384615384615
3 0.8425480769230769 0.8353365384615384 0.19951923076923078 0.31971153846153844
3 0.9735576923076923 0.8221153846153846 0.052884615384615384 0.2932692307692308
3 0.0625 0.15985576923076922 0.125 0.31009615384615385
3 0.23076923076923078 0.1622596153846154 0.18990384615384615 0.3173076923076923
3 0.43028846153846156 0.16466346153846154 0.1875 0.3125
3 0.6394230769230769 0.1658653846153846 0.19230769230769232 0.31490384615384615
3 0.8389423076923077 0.15985576923076922 0.19230769230769232 0.31009615384615385
3 0.9711538461538461 0.14302884615384615 0.057692307692307696 0.27163461538461536