10 0.06875 0.31875 0.1375 0.39166666666666666
10 0.14765625 0.16145833333333334 0.2953125 0.3229166666666667
10 0.8421875 0.11354166666666667 0.3125 0.22708333333333333
10 0.8671875 0.2989583333333333 0.2625 0.23541666666666666
10 0.728125 0.06145833333333333 0.240625 0.12291666666666666
10 0.63671875 0.18645833333333334 0.2421875 0.17916666666666667
10 0.63515625 0.3416666666666667 0.271875 0.19166666666666668
10 0.79765625 0.465625 0.2140625 0.15208333333333332
10 0.18671875 0.8125 0.1859375 0.3
10 0.2171875 0.6489583333333333 0.1625 0.13958333333333334
10 0.840625 0.9385416666666667 0.084375 0.11875
10 0.928125 0.9520833333333333 0.090625 0.09166666666666666
10 0.98515625 0.8114583333333333 0.0265625 0.11458333333333333
10 0.4171875 0.890625 0.034375 0.09375