10 0.23828125 0.20416666666666666 0.3828125 0.325
10 0.09296875 0.16666666666666666 0.1859375 0.3333333333333333
10 0.4171875 0.12083333333333333 0.340625 0.24166666666666667
10 0.1484375 0.040625 0.2625 0.08125
10 0.66015625 0.19791666666666666 0.0421875 0.2125
10 0.76875 0.31666666666666665 0.159375 0.1
10 0.20859375 0.7010416666666667 0.4171875 0.59375
10 0.82265625 0.5270833333333333 0.2 0.17708333333333334
10 0.9359375 0.6885416666666667 0.125 0.23125
10 0.7515625 0.7385416666666667 0.225 0.2520833333333333
10 0.7515625 0.459375 0.225 0.18125
10 0.934375 0.478125 0.128125 0.18541666666666667