10 0.11171875 0.46145833333333336 0.2234375 0.23125
10 0.2109375 0.334375 0.3390625 0.41875
10 0.03671875 0.23125 0.0734375 0.30833333333333335
10 0.53828125 0.103125 0.1390625 0.20625
10 0.69375 0.11666666666666667 0.190625 0.23333333333333334
10 0.84765625 0.0625 0.1890625 0.125
10 0.9671875 0.06145833333333333 0.0625 0.12291666666666666
10 0.92109375 0.2 0.1546875 0.2375
10 0.90625 0.4427083333333333 0.1796875 0.22708333333333333
10 0.73203125 0.33645833333333336 0.175 0.24166666666666667
10 0.75390625 0.5239583333333333 0.2015625 0.10625
10 0.55546875 0.321875 0.1734375 0.22708333333333333
10 0.5625 0.5083333333333333 0.1875 0.1375
10 0.2390625 0.6479166666666667 0.28125 0.1375
10 0.4265625 0.85 0.08125 0.25833333333333336
10 0.26015625 0.8375 0.2484375 0.25625
10 0.09375 0.8166666666666667 0.1875 0.2708333333333333
10 0.8953125 0.75 0.20625 0.3416666666666667
10 0.76484375 0.8958333333333334 0.2015625 0.20416666666666666
10 0.634375 0.7447916666666666 0.290625 0.33125
10 0.778125 0.6177083333333333 0.215625 0.07708333333333334