10 0.05546875 0.5708333333333333 0.1109375 0.15416666666666667
10 0.01953125 0.21666666666666667 0.0390625 0.15833333333333333
10 0.140625 0.3572916666666667 0.1234375 0.18541666666666667
10 0.04609375 0.409375 0.0921875 0.19791666666666666
10 0.22421875 0.48854166666666665 0.128125 0.20833333333333334
10 0.34921875 0.403125 0.140625 0.22291666666666668
10 0.378125 0.11354166666666667 0.121875 0.2125
10 0.31875 0.578125 0.159375 0.13958333333333334
10 0.0625 0.10416666666666667 0.0984375 0.16041666666666668
10 0.28125 0.13125 0.1078125 0.16875
10 0.1828125 0.06770833333333333 0.13125 0.13541666666666666
10 0.71875 0.38229166666666664 0.559375 0.53125
10 0.20234375 0.8625 0.3578125 0.2708333333333333
10 0.58203125 0.8052083333333333 0.2859375 0.3104166666666667