10 0.02421875 0.440625 0.0484375 0.21041666666666667
10 0.10859375 0.35520833333333335 0.140625 0.22291666666666668
10 0.26640625 0.28541666666666665 0.121875 0.22708333333333333
10 0.4046875 0.34375 0.046875 0.21666666666666667
10 0.38671875 0.5604166666666667 0.0828125 0.23333333333333334
10 0.296875 0.5802083333333333 0.1125 0.19375
10 0.378125 0.18958333333333333 0.1 0.23333333333333334
10 0.26640625 0.10208333333333333 0.1234375 0.20416666666666666
10 0.1375 0.08645833333333333 0.121875 0.17291666666666666
10 0.07890625 0.56875 0.1578125 0.21666666666666667
10 0.04765625 0.084375 0.0953125 0.16875
10 0.9 0.47708333333333336 0.196875 0.38333333333333336
10 0.60625 0.396875 0.246875 0.3458333333333333
10 0.4625 0.3302083333333333 0.065625 0.33958333333333335
10 0.54453125 0.15416666666666667 0.2296875 0.24166666666666667
10 0.21875 0.8385416666666666 0.41875 0.31875
10 0.77578125 0.8614583333333333 0.3578125 0.27291666666666664