10 0.08046875 0.19583333333333333 0.1171875 0.15625
10 0.2421875 0.33541666666666664 0.125 0.18333333333333332
10 0.1375 0.35833333333333334 0.1125 0.1375
10 0.0421875 0.37916666666666665 0.084375 0.09583333333333334
10 0.32578125 0.39479166666666665 0.1296875 0.06458333333333334
10 0.40859375 0.3489583333333333 0.0578125 0.15625
10 0.1640625 0.08333333333333333 0.0984375 0.16041666666666668
10 0.3828125 0.11041666666666666 0.1078125 0.16875
10 0.284375 0.057291666666666664 0.13125 0.11458333333333333
10 0.784375 0.11145833333333334 0.384375 0.22291666666666668
10 0.5421875 0.21354166666666666 0.20625 0.4270833333333333
10 0.15234375 0.6791666666666667 0.3046875 0.5
10 0.6296875 0.5302083333333333 0.278125 0.20208333333333334
10 0.6671875 0.8166666666666667 0.3125 0.3625
10 0.8796875 0.75625 0.2375 0.4
10 0.90546875 0.5052083333333334 0.1859375 0.14375
10 0.5015625 0.684375 0.125 0.36041666666666666