10 0.3 0.5604166666666667 0.365625 0.13333333333333333
10 0.1984375 0.3854166666666667 0.3140625 0.28125
10 0.31484375 0.2552083333333333 0.315625 0.23958333333333334
10 0.5578125 0.071875 0.115625 0.14375
10 0.63671875 0.18020833333333333 0.128125 0.20833333333333334
10 0.76171875 0.10416666666666667 0.1421875 0.20833333333333334
10 0.91953125 0.06979166666666667 0.1234375 0.13958333333333334
10 0.94609375 0.33958333333333335 0.1046875 0.23333333333333334
10 0.73125 0.3229166666666667 0.1578125 0.24166666666666667
10 0.5265625 0.44583333333333336 0.053125 0.13333333333333333
10 0.63203125 0.49375 0.1046875 0.18958333333333333
10 0.8296875 0.49375 0.1171875 0.21458333333333332
10 0.69609375 0.5947916666666667 0.1296875 0.06458333333333334
10 0.52265625 0.6010416666666667 0.0453125 0.052083333333333336
10 0.3375 0.8135416666666667 0.321875 0.36875
10 0.79921875 0.871875 0.3984375 0.2520833333333333