10 0.48125 0.42291666666666666 0.334375 0.36666666666666664
10 0.15703125 0.3697916666666667 0.3140625 0.35208333333333336
10 0.58046875 0.321875 0.1359375 0.26875
10 0.09375 0.11354166666666667 0.1875 0.22708333333333333
10 0.15234375 0.0375 0.3046875 0.075
10 0.82421875 0.30625 0.3484375 0.6
10 0.13515625 0.95625 0.1765625 0.08333333333333333
10 0.30859375 0.9708333333333333 0.1765625 0.05416666666666667
10 0.26953125 0.9302083333333333 0.1453125 0.13541666666666666
10 0.45 0.9479166666666666 0.159375 0.1
10 0.584375 0.9114583333333334 0.128125 0.17291666666666666
10 0.51875 0.7458333333333333 0.196875 0.21875
10 0.4953125 0.6447916666666667 0.1625 0.07291666666666667
10 0.6125 0.6802083333333333 0.071875 0.14375