10 0.1359375 0.371875 0.1953125 0.34375
10 0.06796875 0.55 0.1359375 0.175
10 0.0328125 0.44895833333333335 0.065625 0.15625
10 0.38515625 0.15520833333333334 0.2703125 0.3104166666666667
10 0.478125 0.44166666666666665 0.340625 0.39166666666666666
10 0.71953125 0.2520833333333333 0.3328125 0.38333333333333336
10 0.80703125 0.47708333333333336 0.3078125 0.32083333333333336
10 0.171875 0.7697916666666667 0.153125 0.2604166666666667
10 0.86796875 0.7666666666666667 0.2609375 0.25416666666666665
10 0.6125 0.7604166666666666 0.25 0.24166666666666667
10 0.43359375 0.753125 0.2109375 0.22708333333333333
10 0.95078125 0.7416666666666667 0.0953125 0.20416666666666666