10 0.05078125 0.11041666666666666 0.1015625 0.22083333333333333
10 0.58125 0.23229166666666667 0.34375 0.23125
10 0.8359375 0.09479166666666666 0.325 0.18958333333333333
10 0.684375 0.115625 0.371875 0.23125
10 0.46640625 0.07708333333333334 0.1140625 0.15416666666666667
10 0.0203125 0.784375 0.040625 0.21875
10 0.06640625 0.503125 0.1296875 0.1875
10 0.04296875 0.9770833333333333 0.0859375 0.041666666666666664
10 0.04140625 0.8708333333333333 0.0828125 0.2125
10 0.10390625 0.765625 0.1234375 0.18541666666666667
10 0.1890625 0.465625 0.1609375 0.23125
10 0.1765625 0.6614583333333334 0.1421875 0.22708333333333333
10 0.43515625 0.621875 0.0515625 0.07708333333333334
10 0.51875 0.63125 0.125 0.075
10 0.63984375 0.6114583333333333 0.1359375 0.05416666666666667
10 0.6859375 0.6583333333333333 0.15 0.07291666666666667
10 0.7796875 0.6104166666666667 0.1265625 0.06041666666666667
10 0.84375 0.6572916666666667 0.1375 0.04791666666666667
10 0.49453125 0.7645833333333333 0.1703125 0.14166666666666666
10 0.696875 0.7770833333333333 0.23125 0.12708333333333333
10 0.89921875 0.7822916666666667 0.1984375 0.13541666666666666
10 0.5765625 0.8895833333333333 0.334375 0.21666666666666667
10 0.8734375 0.9229166666666667 0.25 0.15
10 0.93984375 0.6260416666666667 0.0796875 0.0125