10 0.1890625 0.31354166666666666 0.2609375 0.19583333333333333
10 0.5265625 0.28854166666666664 0.2421875 0.22083333333333333
10 0.6328125 0.128125 0.109375 0.21041666666666667
10 0.48359375 0.0875 0.1859375 0.175
10 0.31171875 0.17604166666666668 0.228125 0.17291666666666666
10 0.12578125 0.096875 0.2171875 0.19375
10 0.25625 0.7635416666666667 0.428125 0.46875
10 0.73125 0.8802083333333334 0.084375 0.16041666666666668
10 0.7140625 0.66875 0.05 0.20416666666666666
10 0.74375 0.575 0.090625 0.09166666666666666
10 0.77265625 0.6833333333333333 0.0734375 0.09791666666666667
10 0.78203125 0.8114583333333333 0.0515625 0.09791666666666667
10 0.90625 0.6552083333333333 0.0640625 0.08541666666666667
10 0.9734375 0.928125 0.05 0.11041666666666666
10 0.978125 0.8635416666666667 0.040625 0.052083333333333336
10 0.95078125 0.828125 0.0953125 0.11875
10 0.88203125 0.734375 0.0609375 0.058333333333333334