10 0.09296875 0.4427083333333333 0.1859375 0.19791666666666666
10 0.3890625 0.41770833333333335 0.2375 0.22291666666666668
10 0.47578125 0.25729166666666664 0.0640625 0.21041666666666667
10 0.34921875 0.196875 0.184375 0.2125
10 0.17734375 0.30520833333333336 0.228125 0.17291666666666666
10 0.05 0.221875 0.1 0.20208333333333334
10 0.71796875 0.453125 0.4171875 0.18958333333333333
10 0.7671875 0.19479166666666667 0.3125 0.3770833333333333
10 0.153125 0.7979166666666667 0.30625 0.3875
10 0.2734375 0.7041666666666667 0.35625 0.30833333333333335
10 0.759375 0.7739583333333333 0.478125 0.4479166666666667