10 0.46484375 0.10833333333333334 0.1859375 0.21666666666666667
10 0.4375 0.3489583333333333 0.240625 0.47708333333333336
10 0.1484375 0.38645833333333335 0.296875 0.40208333333333335
10 0.0796875 0.029166666666666667 0.10625 0.058333333333333334
10 0.58203125 0.471875 0.0453125 0.07708333333333334
10 0.66171875 0.4510416666666667 0.1359375 0.05416666666666667
10 0.7078125 0.4979166666666667 0.1484375 0.07291666666666667
10 0.8015625 0.45 0.1265625 0.06041666666666667
10 0.865625 0.496875 0.1375 0.04791666666666667
10 0.71875 0.5697916666666667 0.23125 0.035416666666666666
10 0.91015625 0.5708333333333333 0.1765625 0.03333333333333333
10 0.96015625 0.465625 0.0765625 0.014583333333333334
10 0.15859375 0.8635416666666667 0.3171875 0.26875
10 0.8015625 0.79375 0.39375 0.4083333333333333