10 0.10390625 0.15833333333333333 0.2078125 0.31666666666666665
10 0.29375 0.871875 0.128125 0.2520833333333333
10 0.18046875 0.9208333333333333 0.1796875 0.15416666666666667
10 0.03671875 0.7052083333333333 0.0734375 0.28958333333333336
10 0.06953125 0.8385416666666666 0.1328125 0.2125
10 0.159375 0.68125 0.1203125 0.22291666666666668
10 0.27109375 0.6583333333333333 0.1734375 0.2833333333333333
10 0.33828125 0.5708333333333333 0.0390625 0.30416666666666664
10 0.103125 0.5927083333333333 0.1734375 0.19583333333333333
10 0.23671875 0.44895833333333335 0.1796875 0.19375
10 0.7609375 0.3802083333333333 0.14375 0.08541666666666667
10 0.8390625 0.4510416666666667 0.103125 0.06458333333333334
10 0.64375 0.46041666666666664 0.1609375 0.075
10 0.59765625 0.5427083333333333 0.1734375 0.075
10 0.75 0.5333333333333333 0.14375 0.07291666666666667
10 0.77578125 0.6208333333333333 0.1265625 0.06875
10 0.8390625 0.51875 0.08125 0.07083333333333333