10 0.22421875 0.409375 0.19375 0.26666666666666666
10 0.27265625 0.08958333333333333 0.2265625 0.17916666666666667
10 0.0484375 0.0625 0.096875 0.125
10 0.1203125 0.12395833333333334 0.1859375 0.22916666666666666
10 0.61640625 0.5125 0.1953125 0.07083333333333333
10 0.6140625 0.4010416666666667 0.190625 0.17291666666666666
10 0.79140625 0.33125 0.2546875 0.13958333333333334
10 0.671875 0.18125 0.2671875 0.16458333333333333
10 0.80234375 0.058333333333333334 0.2328125 0.11666666666666667
10 0.90078125 0.18333333333333332 0.1953125 0.15416666666666667
10 0.353125 0.7979166666666667 0.328125 0.4
10 0.75859375 0.8604166666666667 0.4796875 0.275