10 0.40625 0.41770833333333335 0.121875 0.17708333333333334
10 0.42265625 0.11666666666666667 0.0890625 0.23333333333333334
10 0.14296875 0.03229166666666667 0.1453125 0.06458333333333334
10 0.25 0.096875 0.1296875 0.1625
10 0.3390625 0.178125 0.1859375 0.22916666666666666
10 0.7671875 0.3072916666666667 0.4625 0.39791666666666664
10 0.23359375 0.753125 0.4671875 0.4895833333333333
10 0.56328125 0.6166666666666667 0.1890625 0.21666666666666667
10 0.7484375 0.65 0.2 0.2833333333333333
10 0.821875 0.5385416666666667 0.18125 0.06041666666666667
10 0.93515625 0.6302083333333334 0.1265625 0.24375
10 0.978125 0.8125 0.040625 0.30416666666666664
10 0.90390625 0.9229166666666667 0.1890625 0.15
10 0.83984375 0.79375 0.1625 0.21666666666666667
10 0.690625 0.89375 0.2375 0.20833333333333334
10 0.565625 0.759375 0.19375 0.11041666666666666
10 0.52421875 0.903125 0.1109375 0.18958333333333333