10 0.22421875 0.26145833333333335 0.4484375 0.27291666666666664
10 0.79296875 0.23854166666666668 0.4109375 0.29791666666666666
10 0.02109375 0.9708333333333333 0.0421875 0.05416666666666667
10 0.09921875 0.9614583333333333 0.1359375 0.05416666666666667
10 0.1453125 0.984375 0.15 0.027083333333333334
10 0.2390625 0.9604166666666667 0.1265625 0.06041666666666667
10 0.30390625 0.990625 0.1390625 0.014583333333333334
10 0.39921875 0.9760416666666667 0.078125 0.0125
10 0.9765625 0.4583333333333333 0.04375 0.11666666666666667
10 0.92265625 0.48020833333333335 0.0796875 0.07916666666666666
10 0.97265625 0.5604166666666667 0.0515625 0.1