10 0.23125 0.19895833333333332 0.29375 0.39791666666666664
10 0.76484375 0.22291666666666668 0.4453125 0.42916666666666664
10 0.31015625 0.7541666666666667 0.1359375 0.25833333333333336
10 0.1484375 0.5614583333333333 0.284375 0.24375
10 0.796875 0.7322916666666667 0.084375 0.1875
10 0.884375 0.7416666666666667 0.0890625 0.15208333333333332
10 0.90703125 0.8854166666666666 0.0796875 0.12916666666666668
10 0.82421875 0.9479166666666666 0.1234375 0.1
10 0.81875 0.8447916666666667 0.084375 0.11041666666666666
10 0.96328125 0.490625 0.0703125 0.10208333333333333
10 0.96328125 0.5697916666666667 0.0703125 0.11458333333333333
10 0.38515625 0.6489583333333333 0.0109375 0.09375