10 0.41171875 0.2635416666666667 0.5109375 0.5270833333333333
10 0.859375 0.3104166666666667 0.278125 0.43333333333333335
10 0.15625 0.8802083333333334 0.259375 0.23541666666666666
10 0.2625 0.7822916666666667 0.234375 0.3125
10 0.4046875 0.70625 0.2296875 0.32916666666666666
10 0.52890625 0.6447916666666667 0.2421875 0.23125
10 0.07734375 0.7395833333333334 0.1546875 0.2625
10 0.1734375 0.6291666666666667 0.190625 0.2
10 0.27578125 0.5729166666666666 0.1609375 0.0875
10 0.86015625 0.971875 0.1765625 0.052083333333333336
10 0.821875 0.93125 0.146875 0.13333333333333333
10 0.96015625 0.9489583333333333 0.0765625 0.09791666666666667