10 0.25859375 0.19375 0.2984375 0.3875
10 0.59453125 0.15833333333333333 0.3671875 0.31666666666666665
10 0.8953125 0.19375 0.20625 0.3875
10 0.646875 0.271875 0.396875 0.23125
10 0.18828125 0.9614583333333333 0.3765625 0.07291666666666667
10 0.10078125 0.6604166666666667 0.2015625 0.5125
10 0.31171875 0.7770833333333333 0.1921875 0.44166666666666665
10 0.2453125 0.4864583333333333 0.325 0.19375
10 0.87734375 0.88125 0.1953125 0.23333333333333334
10 0.90546875 0.5291666666666667 0.1859375 0.2791666666666667
10 0.57734375 0.44479166666666664 0.1453125 0.11041666666666666
10 0.684375 0.5322916666666667 0.1296875 0.16041666666666668
10 0.7734375 0.6135416666666667 0.1859375 0.22916666666666666
10 0.7078125 0.409375 0.1125 0.03958333333333333