10 0.24921875 0.24375 0.4984375 0.20833333333333334
10 0.515625 0.17604166666666668 0.03125 0.21041666666666667
10 0.59140625 0.10208333333333333 0.1421875 0.20416666666666666
10 0.74921875 0.06770833333333333 0.1234375 0.13541666666666666
10 0.93125 0.09375 0.134375 0.1875
10 0.90234375 0.2635416666666667 0.1484375 0.16875
10 0.7796875 0.2833333333333333 0.1125 0.12916666666666668
10 0.5703125 0.271875 0.140625 0.15208333333333332
10 0.1203125 0.6885416666666667 0.240625 0.36041666666666666
10 0.440625 0.6364583333333333 0.115625 0.30625
10 0.2828125 0.615625 0.175 0.34791666666666665
10 0.565625 0.66875 0.13125 0.22916666666666666
10 0.81796875 0.7395833333333334 0.184375 0.23541666666666666
10 0.70546875 0.6020833333333333 0.165625 0.23958333333333334
10 0.62109375 0.43125 0.1984375 0.1625
10 0.73359375 0.37916666666666665 0.1109375 0.058333333333333334
10 0.88828125 0.6364583333333333 0.1375 0.19375