10 0.1578125 0.04791666666666667 0.190625 0.09583333333333334
10 0.878125 0.221875 0.084375 0.18541666666666667
10 0.959375 0.23125 0.078125 0.15416666666666667
10 0.9734375 0.375 0.05 0.13333333333333333
10 0.90546875 0.45208333333333334 0.1234375 0.12916666666666668
10 0.9 0.334375 0.084375 0.11041666666666666
10 0.3296875 0.9604166666666667 0.178125 0.075
10 0.38828125 0.91875 0.1203125 0.15833333333333333
10 0.23515625 0.8979166666666667 0.0984375 0.2
10 0.1484375 0.815625 0.1 0.29375
10 0.0671875 0.646875 0.134375 0.25625
10 0.21640625 0.6447916666666667 0.0703125 0.1875
10 0.30234375 0.8020833333333334 0.090625 0.22083333333333333
10 0.91484375 0.740625 0.1671875 0.44375
10 0.82578125 0.7145833333333333 0.3078125 0.39166666666666666
10 0.8734375 0.95625 0.25 0.08333333333333333