10 0.14375 0.23333333333333334 0.2875 0.4666666666666667
10 0.659375 0.4125 0.084375 0.10833333333333334
10 0.746875 0.42604166666666665 0.090625 0.08125
10 0.8546875 0.13333333333333333 0.1265625 0.25833333333333336
10 0.95546875 0.15 0.0859375 0.23333333333333334
10 0.9578125 0.3489583333333333 0.08125 0.16875
10 0.840625 0.28958333333333336 0.0984375 0.1125
10 0.0359375 0.709375 0.071875 0.08958333333333333
10 0.06640625 0.7802083333333333 0.1328125 0.07708333333333334
10 0.01796875 0.5645833333333333 0.0359375 0.08333333333333333
10 0.10078125 0.4791666666666667 0.1109375 0.020833333333333332
10 0.43125 0.696875 0.284375 0.45625
10 0.69375 0.7333333333333333 0.334375 0.5291666666666667
10 0.7265625 0.5489583333333333 0.321875 0.16041666666666668