10 0.153125 0.11041666666666666 0.2 0.22083333333333333
10 0.3390625 0.12395833333333334 0.190625 0.24791666666666667
10 0.4328125 0.06979166666666667 0.06875 0.13958333333333334
10 0.021875 0.17083333333333334 0.04375 0.225
10 0.37734375 0.35104166666666664 0.175 0.24166666666666667
10 0.3828125 0.5208333333333334 0.16875 0.07083333333333333
10 0.18359375 0.33645833333333336 0.2046875 0.22708333333333333
10 0.2015625 0.5052083333333334 0.2 0.10208333333333333
10 0.0578125 0.4395833333333333 0.115625 0.23333333333333334
10 0.778125 0.3572916666666667 0.440625 0.39791666666666664
10 0.23359375 0.8708333333333333 0.4671875 0.25416666666666665
10 0.6375 0.8208333333333333 0.08125 0.12291666666666666
10 0.7796875 0.8489583333333334 0.06875 0.06041666666666667