10 0.5359375 0.051041666666666666 0.1875 0.10208333333333333
10 0.5046875 0.22604166666666667 0.1796875 0.22708333333333333
10 0.540625 0.421875 0.175 0.13125
10 0.33046875 0.12083333333333333 0.1765625 0.24166666666666667
10 0.35234375 0.37083333333333335 0.2015625 0.23333333333333334
10 0.1375 0.109375 0.20625 0.21875
10 0.15390625 0.35 0.1984375 0.25
10 0.034375 0.221875 0.06875 0.2604166666666667
10 0.05234375 0.42291666666666666 0.1046875 0.12916666666666668
10 0.81640625 0.21458333333333332 0.3640625 0.42916666666666664
10 0.28984375 0.778125 0.3796875 0.4395833333333333
10 0.91640625 0.5416666666666666 0.0890625 0.10416666666666667
10 0.83984375 0.5572916666666666 0.0796875 0.07916666666666666
10 0.9859375 0.5541666666666667 0.025 0.0875
10 0.9015625 0.6375 0.075 0.09791666666666667
10 0.98515625 0.65 0.0265625 0.0875