3 0.43149038461538464 0.41346153846153844 0.19471153846153846 0.2091346153846154
3 0.6021634615384616 0.3894230769230769 0.18269230769230768 0.22355769230769232
3 0.3485576923076923 0.35336538461538464 0.12740384615384615 0.19951923076923078
3 0.48197115384615385 0.23798076923076922 0.19471153846153846 0.23076923076923078
3 0.3269230769230769 0.7788461538461539 0.19230769230769232 0.2764423076923077
3 0.4987980769230769 0.7752403846153846 0.21394230769230768 0.2956730769230769
3 0.6802884615384616 0.7584134615384616 0.18990384615384615 0.2764423076923077
3 0.8389423076923077 0.7596153846153846 0.18509615384615385 0.29086538461538464
3 0.24519230769230768 0.7403846153846154 0.13701923076923078 0.25721153846153844
3 0.18870192307692307 0.7283653846153846 0.10096153846153846 0.25240384615384615
3 0.13221153846153846 0.6646634615384616 0.14423076923076922 0.2644230769230769
3 0.71875 0.5564903846153846 0.1658653846153846 0.2620192307692308
3 0.5504807692307693 0.5745192307692307 0.19230769230769232 0.2283653846153846
3 0.3762019230769231 0.5709134615384616 0.17307692307692307 0.2548076923076923
3 0.3004807692307692 0.5324519230769231 0.125 0.2403846153846154
3 0.25 0.49759615384615385 0.13221153846153846 0.2644230769230769