10 0.2359375 0.07916666666666666 0.284375 0.15833333333333333
10 0.225 0.31666666666666665 0.30625 0.32083333333333336
10 0.615625 0.28229166666666666 0.278125 0.38958333333333334
10 0.8984375 0.371875 0.2 0.14375
10 0.46484375 0.4239583333333333 0.1703125 0.10625
10 0.421875 0.28020833333333334 0.084375 0.39375
10 0.475 0.11666666666666667 0.190625 0.23333333333333334
10 0.11484375 0.853125 0.2296875 0.28958333333333336
10 0.934375 0.5947916666666667 0.128125 0.21458333333333332
10 0.8921875 0.8010416666666667 0.2125 0.20625
10 0.725 0.6927083333333334 0.2796875 0.17291666666666666
10 0.6875 0.846875 0.221875 0.17083333333333334