3 0.08413461538461539 0.7512019230769231 0.12980769230769232 0.23317307692307693
3 0.38461538461538464 0.8341346153846154 0.16105769230769232 0.20192307692307693
3 0.24639423076923078 0.6189903846153846 0.14903846153846154 0.20192307692307693
3 0.2644230769230769 0.5600961538461539 0.15384615384615385 0.21153846153846154
3 0.5649038461538461 0.3641826923076923 0.1201923076923077 0.1658653846153846
3 0.38341346153846156 0.47475961538461536 0.1201923076923077 0.19230769230769232
3 0.90625 0.5216346153846154 0.12980769230769232 0.17307692307692307
3 0.9387019230769231 0.6478365384615384 0.11538461538461539 0.21875
3 0.47836538461538464 0.41225961538461536 0.1201923076923077 0.21875
3 0.5841346153846154 0.5372596153846154 0.15384615384615385 0.27884615384615385
3 0.12980769230769232 0.6201923076923077 0.12740384615384615 0.18269230769230768
3 0.21995192307692307 0.8125 0.1201923076923077 0.2668269230769231
3 0.3293269230769231 0.7548076923076923 0.13701923076923078 0.19471153846153846
3 0.39663461538461536 0.328125 0.16105769230769232 0.2091346153846154
3 0.6706730769230769 0.42427884615384615 0.1466346153846154 0.2764423076923077
3 0.7572115384615384 0.7848557692307693 0.15384615384615385 0.23076923076923078
3 0.7824519230769231 0.6466346153846154 0.13221153846153846 0.16105769230769232
3 0.7824519230769231 0.5240384615384616 0.13221153846153846 0.13221153846153846
3 0.8040865384615384 0.4206730769230769 0.15144230769230768 0.11057692307692307
3 0.5276442307692307 0.27524038461538464 0.09615384615384616 0.10576923076923077