10 0.35 0.09479166666666666 0.20625 0.18958333333333333
10 0.5234375 0.12291666666666666 0.109375 0.24583333333333332
10 0.23828125 0.17604166666666668 0.2046875 0.12708333333333333
10 0.22578125 0.38229166666666664 0.2328125 0.26875
10 0.39453125 0.23229166666666667 0.090625 0.07291666666666667
10 0.4640625 0.371875 0.228125 0.28958333333333336
10 0.65078125 0.17916666666666667 0.1421875 0.35833333333333334
10 0.8515625 0.18020833333333333 0.29375 0.36041666666666666
10 0.24140625 0.840625 0.3859375 0.3145833333333333
10 0.11640625 0.6166666666666667 0.2328125 0.19583333333333333
10 0.959375 0.8260416666666667 0.078125 0.29375
10 0.8796875 0.6520833333333333 0.153125 0.26666666666666666