10 0.06328125 0.025 0.0921875 0.05
10 0.17265625 0.15729166666666666 0.3078125 0.29791666666666666
10 0.396875 0.153125 0.18125 0.30625
10 0.67890625 0.13229166666666667 0.3796875 0.26458333333333334
10 0.315625 0.86875 0.33125 0.25833333333333336
10 0.103125 0.846875 0.20625 0.28125
10 0.34296875 0.7708333333333334 0.2890625 0.2708333333333333
10 0.58828125 0.875 0.1421875 0.1
10 0.54375 0.6385416666666667 0.109375 0.08958333333333333
10 0.66484375 0.6354166666666666 0.128125 0.09375
10 0.675 0.49270833333333336 0.1375 0.075
10 0.93984375 0.515625 0.1171875 0.09375
10 0.79453125 0.775 0.1453125 0.0875
10 0.9 0.8375 0.128125 0.0875
10 0.94453125 0.909375 0.1078125 0.07708333333333334
10 0.878125 0.69375 0.096875 0.08125
10 0.7828125 0.6395833333333333 0.1265625 0.08125
10 0.8609375 0.575 0.1359375 0.07916666666666666
10 0.81875 0.37083333333333335 0.1234375 0.07708333333333334
10 0.96796875 0.5927083333333333 0.0609375 0.052083333333333336