10 0.3796875 0.26875 0.25625 0.5375
10 0.14609375 0.32395833333333335 0.2921875 0.4270833333333333
10 0.04921875 0.26458333333333334 0.0984375 0.5291666666666667
10 0.1765625 0.08125 0.2375 0.1625
10 0.86796875 0.1 0.1828125 0.2
10 0.196875 0.9375 0.25625 0.12083333333333333
10 0.1078125 0.840625 0.215625 0.3145833333333333
10 0.36796875 0.8520833333333333 0.2484375 0.2916666666666667
10 0.44375 0.75625 0.128125 0.3958333333333333
10 0.23125 0.7 0.278125 0.32083333333333336
10 0.75390625 0.8645833333333334 0.4890625 0.26666666666666666
10 0.72734375 0.6635416666666667 0.4359375 0.24791666666666667
10 0.96875 0.784375 0.059375 0.31875