10 0.25546875 0.34375 0.3234375 0.225
10 0.11875 0.253125 0.2375 0.40625
10 0.30703125 0.14375 0.2203125 0.2791666666666667
10 0.76875 0.22395833333333334 0.384375 0.4479166666666667
10 0.5015625 0.228125 0.165625 0.45625
10 0.59140625 0.065625 0.3109375 0.13125
10 0.8984375 0.16041666666666668 0.2 0.32083333333333336
10 0.2953125 0.7291666666666666 0.24375 0.5375
10 0.58359375 0.7583333333333333 0.3296875 0.4791666666666667
10 0.63515625 0.5854166666666667 0.2796875 0.25416666666666665
10 0.4984375 0.5447916666666667 0.159375 0.17291666666666666