10 0.26875 0.18645833333333334 0.5375 0.3729166666666667
10 0.771875 0.4125 0.2375 0.0875
10 0.828125 0.22395833333333334 0.19375 0.28958333333333336
10 0.9234375 0.353125 0.134375 0.20625
10 0.975 0.2 0.046875 0.225
10 0.93359375 0.11145833333333334 0.1296875 0.19791666666666666
10 0.16796875 0.7791666666666667 0.2 0.17708333333333334
10 0.33203125 0.9114583333333334 0.2265625 0.17291666666666666
10 0.1046875 0.93125 0.209375 0.13333333333333333
10 0.1046875 0.709375 0.209375 0.18541666666666667
10 0.29921875 0.7302083333333333 0.165625 0.18541666666666667
10 0.4359375 0.8708333333333333 0.203125 0.225
10 0.76875 0.75625 0.459375 0.48333333333333334