10 0.2625 0.0625 0.434375 0.125
10 0.575 0.153125 0.265625 0.30625
10 0.82421875 0.11666666666666667 0.2296875 0.23333333333333334
10 0.9609375 0.17395833333333333 0.075 0.34791666666666665
10 0.12890625 0.5322916666666667 0.2578125 0.3645833333333333
10 0.4765625 0.48020833333333335 0.4625 0.2604166666666667
10 0.34921875 0.803125 0.5265625 0.38958333333333334
10 0.928125 0.5177083333333333 0.140625 0.33541666666666664
10 0.93828125 0.84375 0.1203125 0.30833333333333335
10 0.83046875 0.7385416666666667 0.2 0.35833333333333334
10 0.77734375 0.5125 0.1359375 0.325
10 0.84375 0.3854166666666667 0.215625 0.07083333333333333