10 0.23125 0.24791666666666667 0.434375 0.49583333333333335
10 0.52421875 0.3645833333333333 0.2265625 0.44583333333333336
10 0.68828125 0.059375 0.0984375 0.10208333333333333
10 0.25078125 0.634375 0.1734375 0.075
10 0.40390625 0.6260416666666667 0.1453125 0.07291666666666667
10 0.42890625 0.7125 0.1265625 0.06875
10 0.4921875 0.61875 0.08125 0.058333333333333334
10 0.66328125 0.675 0.0484375 0.09583333333333334
10 0.75234375 0.8145833333333333 0.1453125 0.0875
10 0.8578125 0.8770833333333333 0.128125 0.0875
10 0.915625 0.9489583333333333 0.134375 0.075
10 0.8359375 0.7333333333333333 0.096875 0.08125
10 0.740625 0.6791666666666667 0.1265625 0.08125
10 0.81875 0.621875 0.1375 0.06458333333333334
10 0.946875 0.6322916666666667 0.103125 0.052083333333333336