10 0.1109375 0.184375 0.2 0.32708333333333334
10 0.89453125 0.3104166666666667 0.1359375 0.075
10 0.95703125 0.23645833333333333 0.0828125 0.18958333333333333
10 0.9234375 0.058333333333333334 0.103125 0.11666666666666667
10 0.8671875 0.21458333333333332 0.1046875 0.13541666666666666
10 0.8234375 0.33958333333333335 0.0375 0.016666666666666666
10 0.12265625 0.7697916666666667 0.19375 0.26666666666666666
10 0.17109375 0.44479166666666664 0.2265625 0.18958333333333333
10 0.05625 0.484375 0.1125 0.23125
10 0.53359375 0.68125 0.1671875 0.3458333333333333
10 0.9015625 0.6677083333333333 0.19375 0.34791666666666665
10 0.68515625 0.665625 0.203125 0.28541666666666665