10 0.12890625 0.04479166666666667 0.2015625 0.08958333333333333
10 0.121875 0.21666666666666667 0.2203125 0.35833333333333334
10 0.33203125 0.178125 0.2484375 0.35625
10 0.3765625 0.3458333333333333 0.18125 0.1625
10 0.5765625 0.21354166666666666 0.215625 0.4270833333333333
10 0.8453125 0.21354166666666666 0.30625 0.4270833333333333
10 0.690625 0.06770833333333333 0.428125 0.13541666666666666
10 0.2703125 0.9291666666666667 0.39375 0.1375
10 0.1671875 0.6958333333333333 0.334375 0.35
10 0.06171875 0.8677083333333333 0.1234375 0.2604166666666667
10 0.39765625 0.8302083333333333 0.1390625 0.33541666666666664
10 0.765625 0.7135416666666666 0.465625 0.56875