10 0.20859375 0.23229166666666667 0.4171875 0.46458333333333335
10 0.81953125 0.453125 0.0984375 0.06458333333333334
10 0.92109375 0.4666666666666667 0.1171875 0.0625
10 0.83984375 0.23333333333333334 0.134375 0.08541666666666667
10 0.878125 0.17708333333333334 0.146875 0.07916666666666666
10 0.91875 0.109375 0.146875 0.08125
10 0.78125 0.134375 0.1375 0.05625
10 0.7546875 0.19479166666666667 0.096875 0.07083333333333333
10 0.0828125 0.615625 0.165625 0.18541666666666667
10 0.25078125 0.7145833333333333 0.3296875 0.19791666666666666
10 0.2703125 0.8979166666666667 0.29375 0.1875
10 0.13203125 0.93125 0.1953125 0.13333333333333333
10 0.109375 0.7760416666666666 0.21875 0.16458333333333333
10 0.64296875 0.8729166666666667 0.2671875 0.25
10 0.93359375 0.9229166666666667 0.1296875 0.15
10 0.9015625 0.8833333333333333 0.19375 0.22916666666666666