10 0.24921875 0.3489583333333333 0.1578125 0.33541666666666664
10 0.25859375 0.06979166666666667 0.1390625 0.13958333333333334
10 0.9125 0.31875 0.171875 0.3958333333333333
10 0.7921875 0.13541666666666666 0.228125 0.2708333333333333
10 0.44921875 0.096875 0.2390625 0.19375
10 0.94375 0.090625 0.109375 0.18125
10 0.796875 0.4864583333333333 0.246875 0.06041666666666667
10 0.07734375 0.8833333333333333 0.1546875 0.22916666666666666
10 0.26796875 0.8802083333333334 0.1203125 0.23541666666666666
10 0.0953125 0.64375 0.190625 0.25
10 0.18671875 0.7572916666666667 0.1328125 0.2125
10 0.271875 0.615625 0.1125 0.19375
10 0.2203125 0.5645833333333333 0.175 0.09166666666666666
10 0.7203125 0.8677083333333333 0.55625 0.2604166666666667