10 0.8203125 0.29583333333333334 0.25625 0.08333333333333333
10 0.7 0.175 0.2671875 0.16666666666666666
10 0.83046875 0.05520833333333333 0.2328125 0.11041666666666666
10 0.91484375 0.17708333333333334 0.1671875 0.15416666666666667
10 0.325 0.6427083333333333 0.346875 0.60625
10 0.575 0.65 0.15 0.20833333333333334
10 0.790625 0.8770833333333333 0.209375 0.24166666666666667
10 0.93984375 0.8760416666666667 0.1171875 0.20208333333333334
10 0.703125 0.5552083333333333 0.1671875 0.14791666666666667
10 0.78984375 0.6854166666666667 0.2140625 0.24375
10 0.93984375 0.6625 0.1171875 0.2625
10 0.73828125 0.4322916666666667 0.1671875 0.17916666666666667