10 0.3625 0.13854166666666667 0.309375 0.27708333333333335
10 0.63125 0.46770833333333334 0.225 0.11875
10 0.8125 0.39479166666666665 0.253125 0.26458333333333334
10 0.9359375 0.30416666666666664 0.125 0.3541666666666667
10 0.5984375 0.32083333333333336 0.159375 0.32083333333333336
10 0.765625 0.18541666666666667 0.1921875 0.23125
10 0.93359375 0.1125 0.1296875 0.225
10 0.046875 0.659375 0.09375 0.2604166666666667
10 0.32109375 0.6229166666666667 0.1640625 0.1875
10 0.1796875 0.6927083333333334 0.1328125 0.3020833333333333
10 0.80390625 0.7270833333333333 0.3484375 0.3958333333333333