10 0.45625 0.35625 0.065625 0.041666666666666664
10 0.4921875 0.18125 0.05 0.0875
10 0.4421875 0.2 0.06875 0.06875
10 0.21953125 0.35520833333333335 0.0265625 0.03958333333333333
10 0.3109375 0.121875 0.040625 0.041666666666666664
10 0.33515625 0.008333333333333333 0.0296875 0.016666666666666666
10 0.46875 0.029166666666666667 0.034375 0.029166666666666667
10 0.209375 0.2947916666666667 0.0546875 0.052083333333333336
10 0.13671875 0.18020833333333333 0.03125 0.03958333333333333
10 0.19453125 0.1625 0.0171875 0.03958333333333333
10 0.0609375 0.36354166666666665 0.01875 0.027083333333333334
10 0.109375 0.31354166666666666 0.0234375 0.025
10 0.68046875 0.28020833333333334 0.3234375 0.19375
10 0.05625 0.621875 0.1125 0.38125
10 0.48359375 0.634375 0.0671875 0.3770833333333333
10 0.284375 0.9302083333333333 0.290625 0.13541666666666666
10 0.8765625 0.759375 0.24375 0.38958333333333334
10 0.63671875 0.6947916666666667 0.2359375 0.35208333333333336
10 0.5734375 0.465625 0.109375 0.17291666666666666