10 0.22421875 0.19375 0.3671875 0.3875
10 0.51875 0.35833333333333334 0.08125 0.058333333333333334
10 0.590625 0.32083333333333336 0.096875 0.10625
10 0.8671875 0.3572916666666667 0.103125 0.06041666666666667
10 0.98828125 0.17708333333333334 0.0203125 0.0625
10 0.7828125 0.121875 0.053125 0.05625
10 0.790625 0.246875 0.040625 0.041666666666666664
10 0.7359375 0.24791666666666667 0.0359375 0.05416666666666667
10 0.69453125 0.346875 0.0453125 0.06875
10 0.87734375 0.013541666666666667 0.0421875 0.027083333333333334
10 0.69609375 0.22291666666666668 0.0359375 0.06458333333333334
10 0.25546875 0.7625 0.3046875 0.45416666666666666
10 0.78203125 0.55625 0.1328125 0.09375
10 0.7125 0.6885416666666667 0.14375 0.08541666666666667
10 0.790625 0.759375 0.103125 0.06458333333333334
10 0.5953125 0.76875 0.1609375 0.075
10 0.54921875 0.8510416666666667 0.1734375 0.075
10 0.7015625 0.8416666666666667 0.14375 0.07291666666666667
10 0.72734375 0.9291666666666667 0.1265625 0.06666666666666667
10 0.790625 0.8270833333333333 0.08125 0.07083333333333333