10 0.22109375 0.12916666666666668 0.2671875 0.25833333333333336
10 0.36328125 0.3177083333333333 0.2109375 0.21875
10 0.5171875 0.21875 0.140625 0.3333333333333333
10 0.48515625 0.10625 0.2046875 0.2125
10 0.725 0.19270833333333334 0.259375 0.3854166666666667
10 0.9890625 0.171875 0.01875 0.23958333333333334
10 0.0515625 0.75625 0.103125 0.14583333333333334
10 0.0890625 0.6364583333333333 0.0953125 0.12708333333333333
10 0.059375 0.9166666666666666 0.1046875 0.13333333333333333
10 0.13828125 0.978125 0.1078125 0.03958333333333333
10 0.228125 0.9302083333333333 0.146875 0.13541666666666666
10 0.24375 0.846875 0.1125 0.13958333333333334
10 0.946875 0.8572916666666667 0.103125 0.23125