10 0.28046875 0.4875 0.3140625 0.15833333333333333
10 0.17265625 0.37395833333333334 0.3453125 0.28958333333333336
10 0.20390625 0.12395833333333334 0.3953125 0.24791666666666667
10 0.80546875 0.2791666666666667 0.3859375 0.5583333333333333
10 0.3609375 0.853125 0.153125 0.19791666666666666
10 0.31328125 0.9614583333333333 0.2421875 0.07291666666666667
10 0.8 0.9572916666666667 0.234375 0.08125
10 0.9125 0.915625 0.171875 0.16458333333333333
10 0.575 0.9489583333333333 0.234375 0.09791666666666667
10 0.7109375 0.9083333333333333 0.190625 0.17916666666666667
10 0.81328125 0.8270833333333333 0.1609375 0.15833333333333333