10 0.33671875 0.125 0.3953125 0.25
10 0.09296875 0.24895833333333334 0.1015625 0.07708333333333334
10 0.87109375 0.14375 0.2546875 0.2875
10 0.3796875 0.8802083333333334 0.375 0.23541666666666666
10 0.09609375 0.8572916666666667 0.1921875 0.28125
10 0.47890625 0.8447916666666667 0.1765625 0.26875
10 0.0328125 0.6083333333333333 0.065625 0.2833333333333333
10 0.09140625 0.478125 0.1828125 0.23958333333333334
10 0.7546875 0.4197916666666667 0.1265625 0.09166666666666666
10 0.62265625 0.6802083333333333 0.1078125 0.08958333333333333
10 0.709375 0.7416666666666667 0.128125 0.0875
10 0.7671875 0.8135416666666667 0.134375 0.075
10 0.6875 0.5979166666666667 0.096875 0.08125
10 0.6125 0.54375 0.0875 0.08333333333333333
10 0.6703125 0.4791666666666667 0.1359375 0.07916666666666666
10 0.6296875 0.3020833333333333 0.121875 0.025
10 0.8015625 0.49583333333333335 0.109375 0.05