10 0.0375 0.21979166666666666 0.075 0.3020833333333333
10 0.165625 0.28020833333333334 0.2 0.3145833333333333
10 0.2390625 0.10729166666666666 0.18125 0.21458333333333332
10 0.403125 0.07604166666666666 0.090625 0.15208333333333332
10 0.36875 0.25625 0.159375 0.2833333333333333
10 0.41171875 0.4583333333333333 0.0734375 0.30416666666666664
10 0.33515625 0.5552083333333333 0.2171875 0.12291666666666666
10 0.25703125 0.4395833333333333 0.1625 0.21666666666666667
10 0.11328125 0.5260416666666666 0.2265625 0.18125
10 0.03984375 0.40520833333333334 0.0796875 0.11041666666666666
10 0.0609375 0.06979166666666667 0.121875 0.13958333333333334
10 0.771875 0.2791666666666667 0.453125 0.5583333333333333
10 0.18515625 0.7802083333333333 0.3703125 0.3229166666666667
10 0.2203125 0.9041666666666667 0.4125 0.1875
10 0.8078125 0.7895833333333333 0.309375 0.3416666666666667
10 0.55078125 0.76875 0.2015625 0.3