10 0.23359375 0.30833333333333335 0.23125 0.3
10 0.4140625 0.3697916666666667 0.146875 0.3145833333333333
10 0.45546875 0.16979166666666667 0.0640625 0.26875
10 0.109375 0.11666666666666667 0.209375 0.23333333333333334
10 0.46875 0.5302083333333333 0.0375 0.21875
10 0.37578125 0.60625 0.2234375 0.1625
10 0.23984375 0.4947916666666667 0.2265625 0.10833333333333334
10 0.1578125 0.615625 0.228125 0.14375
10 0.05078125 0.5645833333333333 0.1015625 0.24583333333333332
10 0.0140625 0.3614583333333333 0.028125 0.18958333333333333
10 0.31015625 0.13645833333333332 0.171875 0.18333333333333332
10 0.54296875 0.46041666666666664 0.1078125 0.3458333333333333
10 0.17890625 0.7322916666666667 0.2515625 0.08541666666666667