10 0.29140625 0.13333333333333333 0.1140625 0.15416666666666667
10 0.28984375 0.628125 0.1171875 0.12708333333333333
10 0.096875 0.5916666666666667 0.19375 0.17916666666666667
10 0.2296875 0.5 0.2375 0.22083333333333333
10 0.15703125 0.34375 0.3140625 0.1625
10 0.06015625 0.39166666666666666 0.1203125 0.2125
10 0.11171875 0.19895833333333332 0.2234375 0.15208333333333332
10 0.27890625 0.24270833333333333 0.1390625 0.13958333333333334
10 0.771875 0.3177083333333333 0.453125 0.6354166666666666
10 0.30625 0.853125 0.084375 0.28958333333333336
10 0.86171875 0.853125 0.2734375 0.28958333333333336