10 0.165625 0.25416666666666665 0.284375 0.46458333333333335
10 0.634375 0.484375 0.290625 0.12708333333333333
10 0.8640625 0.43854166666666666 0.259375 0.21875
10 0.92578125 0.3489583333333333 0.1453125 0.3145833333333333
10 0.61953125 0.425 0.25 0.24583333333333332
10 0.7453125 0.30625 0.234375 0.2604166666666667
10 0.88125 0.19375 0.1890625 0.2
10 0.95078125 0.103125 0.0953125 0.16041666666666668
10 0.22890625 0.7739583333333333 0.3984375 0.4479166666666667
10 0.61875 0.859375 0.1125 0.19375
10 0.83046875 0.5947916666666667 0.0921875 0.08958333333333333
10 0.9578125 0.7197916666666667 0.08125 0.13125
10 0.93125 0.625 0.0921875 0.14791666666666667
10 0.85546875 0.6958333333333333 0.0890625 0.13958333333333334
10 0.884375 0.8010416666666667 0.0921875 0.09791666666666667
10 0.9875 0.634375 0.021875 0.08958333333333333