10 0.0140625 0.04479166666666667 0.028125 0.07708333333333334
10 0.4765625 0.07083333333333333 0.215625 0.14166666666666666
10 0.66953125 0.14791666666666667 0.3296875 0.19791666666666666
10 0.6984375 0.33125 0.3125 0.18541666666666667
10 0.72421875 0.459375 0.2921875 0.11458333333333333
10 0.55078125 0.3875 0.1953125 0.17708333333333334
10 0.52421875 0.209375 0.225 0.1625
10 0.10078125 0.7583333333333333 0.2015625 0.4791666666666667
10 0.76328125 0.7927083333333333 0.4703125 0.41041666666666665
10 0.546875 0.8447916666666667 0.35625 0.30625
10 0.78828125 0.5791666666666667 0.4046875 0.12083333333333333