10 0.4375 0.01875 0.040625 0.0375
10 0.34609375 0.20833333333333334 0.1515625 0.09583333333333334
10 0.17265625 0.19583333333333333 0.1265625 0.12083333333333333
10 0.0609375 0.23125 0.121875 0.05
10 0.7875 0.128125 0.421875 0.25625
10 0.38203125 0.6625 0.2703125 0.6708333333333333
10 0.8125 0.865625 0.178125 0.26458333333333334
10 0.87109375 0.78125 0.1203125 0.2625
10 0.71796875 0.7541666666666667 0.0984375 0.28958333333333336
10 0.63125 0.6260416666666667 0.0984375 0.2916666666666667
10 0.56796875 0.44375 0.0984375 0.2833333333333333
10 0.69921875 0.4552083333333333 0.0703125 0.1875
10 0.78515625 0.6125 0.090625 0.22083333333333333