10 0.125 0.022916666666666665 0.040625 0.04583333333333333
10 0.0546875 0.278125 0.109375 0.21875
10 0.06796875 0.584375 0.0765625 0.04375
10 0.61875 0.084375 0.1 0.16875
10 0.8078125 0.3020833333333333 0.265625 0.25625
10 0.621875 0.28958333333333336 0.10625 0.25833333333333336
10 0.91953125 0.25729166666666664 0.1578125 0.24791666666666667
10 0.50859375 0.875 0.1171875 0.19166666666666668
10 0.43203125 0.71875 0.1203125 0.17083333333333334
10 0.53046875 0.715625 0.0734375 0.17708333333333334
10 0.78359375 0.8125 0.4296875 0.37083333333333335