0 0.271875 0.03984375 0.21875 0.0796875
0 0.30078125 0.3015625 0.259375 0.4453125
0 0.078125 0.296875 0.15625 0.2875
0 0.3734375 0.1140625 0.209375 0.228125
0 0.078125 0.09296875 0.15625 0.1859375
0 0.43203125 0.8171875 0.15625 0.2234375
0 0.2609375 0.77734375 0.1453125 0.1515625
0 0.1453125 0.6703125 0.1546875 0.1984375
0 0.43984375 0.66015625 0.1328125 0.1828125
0 0.51640625 0.65078125 0.0953125 0.1640625
0 0.29453125 0.62578125 0.1515625 0.1140625
0 0.84609375 0.82109375 0.1953125 0.1203125
0 0.93125 0.69375 0.1109375 0.125