0 0.353125 0.5484375 0.16875 0.3
0 0.71640625 0.51484375 0.1953125 0.1203125
0 0.490625 0.4 0.103125 0.159375
0 0.63125 0.3875 0.1109375 0.125
0 0.4640625 0.265625 0.05 0.15625
0 0.74765625 0.2015625 0.1203125 0.1640625
0 0.6703125 0.15078125 0.140625 0.1328125
0 0.51015625 0.13046875 0.1421875 0.1796875
0 0.19375 0.821875 0.3875 0.24375
0 0.60390625 0.8703125 0.15625 0.2234375
0 0.775 0.83046875 0.1453125 0.1515625
0 0.890625 0.76171875 0.15625 0.1234375
0 0.59609375 0.75234375 0.1328125 0.1046875
0 0.51953125 0.74296875 0.0953125 0.0859375