0 0.37578125 0.02421875 0.2609375 0.0484375
0 0.50390625 0.07265625 0.1484375 0.1453125
0 0.37109375 0.1109375 0.278125 0.1265625
0 0.7890625 0.19921875 0.41875 0.3984375
0 0.26484375 0.62265625 0.3609375 0.4453125
0 0.0609375 0.6640625 0.121875 0.3375
0 0.49609375 0.8796875 0.1640625 0.2375
0 0.86953125 0.82734375 0.1390625 0.21875
0 0.88203125 0.4703125 0.1578125 0.140625
0 0.7109375 0.47265625 0.146875 0.1453125
0 0.6265625 0.575 0.09375 0.2
0 0.88984375 0.615625 0.13125 0.2421875
0 0.95859375 0.6296875 0.0796875 0.23125
0 0.74453125 0.6796875 0.15 0.2328125