0 0.24375 0.3109375 0.4875 0.234375
0 0.54453125 0.078125 0.1109375 0.15625
0 0.621875 0.0515625 0.121875 0.103125
0 0.7578125 0.14140625 0.203125 0.2828125
0 0.66953125 0.16875 0.1390625 0.2125
0 0.534375 0.1703125 0.090625 0.178125
0 0.340625 0.6828125 0.0859375 0.1453125
0 0.2640625 0.70703125 0.075 0.1453125
0 0.384375 0.75 0.0609375 0.0953125
0 0.4015625 0.89765625 0.06875 0.1515625
0 0.246875 0.89921875 0.0796875 0.159375
0 0.35390625 0.9359375 0.0765625 0.125
0 0.27734375 0.97109375 0.0609375 0.0546875