0 0.25078125 0.234375 0.2734375 0.46875
0 0.91171875 0.4078125 0.1734375 0.240625
0 0.29921875 0.97890625 0.0765625 0.0390625
0 0.178125 0.96953125 0.0625 0.0578125
0 0.1609375 0.84140625 0.06875 0.1515625
0 0.315625 0.83984375 0.078125 0.159375
0 0.209375 0.7703125 0.075 0.1890625
0 0.28515625 0.728125 0.059375 0.134375
0 0.7484375 0.58203125 0.21875 0.1046875
0 0.71796875 0.815625 0.2609375 0.365625
0 0.93046875 0.8515625 0.1359375 0.2875
0 0.6453125 0.65625 0.209375 0.253125
0 0.93046875 0.63515625 0.1359375 0.2109375