1 0.15673828125 0.42093023255813955 0.0634765625 0.13178294573643412
1 0.3056640625 0.43023255813953487 0.0546875 0.13488372093023257
1 0.244140625 0.4813953488372093 0.0625 0.13178294573643412
1 0.197265625 0.5201550387596899 0.087890625 0.12248062015503876
1 0.228515625 0.5596899224806201 0.275390625 0.48372093023255813
1 0.3544921875 0.5658914728682171 0.087890625 0.13643410852713178
1 0.75244140625 0.5775193798449613 0.1845703125 0.4728682170542636
1 0.2626953125 0.5829457364341085 0.08984375 0.11472868217054263
1 0.51611328125 0.6310077519379845 0.2607421875 0.6015503875968993
1 0.15478515625 0.6333333333333333 0.0654296875 0.13488372093023257
1 0.2939453125 0.7263565891472868 0.068359375 0.10077519379844961