1 0.4686147186147186 0.19805194805194806 0.3246753246753247 0.1461038961038961
1 0.2694805194805195 0.299512987012987 0.19913419913419914 0.20616883116883117
1 0.7191558441558441 0.3952922077922078 0.14826839826839827 0.20616883116883117
1 0.6255411255411255 0.4172077922077922 0.11255411255411256 0.21103896103896103
1 0.42478354978354976 0.4253246753246753 0.3777056277056277 0.3181818181818182
1 0.18398268398268397 0.45616883116883117 0.22294372294372294 0.20454545454545456
1 0.8457792207792207 0.49756493506493504 0.2002164502164502 0.573051948051948
1 0.5373376623376623 0.5535714285714286 0.7326839826839827 0.698051948051948
1 0.7278138528138528 0.6233766233766234 0.36038961038961037 0.22402597402597402
1 0.09361471861471861 0.7280844155844156 0.1764069264069264 0.3587662337662338
1 0.20616883116883117 0.7402597402597403 0.18722943722943722 0.275974025974026
1 0.5438311688311688 0.8319805194805194 0.6352813852813853 0.18668831168831168