1 0.8359375 0.4170542635658915 0.09375 0.12713178294573643
1 0.6962890625 0.4387596899224806 0.064453125 0.14573643410852713
1 0.7763671875 0.4930232558139535 0.109375 0.15503875968992248
1 0.81982421875 0.5279069767441861 0.0751953125 0.14728682170542637
1 0.7744140625 0.5565891472868217 0.248046875 0.41550387596899224
1 0.2490234375 0.5596899224806201 0.173828125 0.30387596899224806
1 0.6630859375 0.5674418604651162 0.05078125 0.13643410852713178
1 0.27685546875 0.575968992248062 0.1357421875 0.4511627906976744
1 0.73095703125 0.5976744186046512 0.0673828125 0.11937984496124031
1 0.509765625 0.6209302325581395 0.16796875 0.5441860465116279
1 0.48876953125 0.6410852713178294 0.2666015625 0.5565891472868217
1 0.857421875 0.6457364341085271 0.08203125 0.11317829457364341
1 0.69873046875 0.7372093023255814 0.0712890625 0.12248062015503876