1 0.74072265625 0.21627906976744185 0.2568359375 0.3829457364341085
1 0.73486328125 0.42170542635658914 0.2216796875 0.772093023255814
1 0.173828125 0.4232558139534884 0.083984375 0.09922480620155039
1 0.3046875 0.4441860465116279 0.064453125 0.15658914728682172
1 0.47265625 0.4511627906976744 0.70703125 0.8992248062015504
1 0.5107421875 0.4635658914728682 0.236328125 0.8806201550387597
1 0.2421875 0.4821705426356589 0.052734375 0.11162790697674418
1 0.1875 0.537984496124031 0.06640625 0.12403100775193798
1 0.34423828125 0.562015503875969 0.0556640625 0.15038759689922482
1 0.2451171875 0.5720930232558139 0.240234375 0.40930232558139534
1 0.75439453125 0.5744186046511628 0.1728515625 0.4697674418604651
1 0.2666015625 0.5922480620155038 0.0625 0.13023255813953488
1 0.544921875 0.6162790697674418 0.193359375 0.5441860465116279
1 0.41064453125 0.6302325581395349 0.0498046875 0.5131782945736434
1 0.15576171875 0.6449612403100775 0.0556640625 0.12713178294573643
1 0.44677734375 0.6558139534883721 0.0322265625 0.4310077519379845
1 0.2958984375 0.7271317829457364 0.048828125 0.13023255813953488