1 0.219921875 0.29930555555555555 0.03828125 0.14583333333333334
1 0.260546875 0.3472222222222222 0.03828125 0.11388888888888889
1 0.391015625 0.36180555555555555 0.18515625 0.23194444444444445
1 0.738671875 0.3972222222222222 0.06171875 0.2
1 0.18203125 0.4027777777777778 0.0578125 0.22777777777777777
1 0.12890625 0.41597222222222224 0.05625 0.16805555555555557
1 0.055859375 0.4486111111111111 0.08046875 0.20555555555555555
1 0.45 0.55625 0.1515625 0.2013888888888889
1 0.769921875 0.6 0.11484375 0.4527777777777778
1 0.837109375 0.61875 0.17734375 0.4652777777777778
1 0.16796875 0.6583333333333333 0.3359375 0.28888888888888886
1 0.390625 0.66875 0.16875 0.08472222222222223