2 0.20703125 0.22109375 0.228125 0.078125
2 0.20078125 0.33203125 0.265625 0.08125
2 0.21328125 0.4328125 0.271875 0.0984375
2 0.21171875 0.55703125 0.265625 0.115625
2 0.21640625 0.67421875 0.2578125 0.075
2 0.21015625 0.7796875 0.28125 0.1015625
2 0.4984375 0.20546875 0.2546875 0.075
2 0.50546875 0.3171875 0.275 0.084375
2 0.509375 0.42890625 0.296875 0.1015625
2 0.50390625 0.5578125 0.2953125 0.1046875
2 0.5078125 0.67734375 0.26875 0.0921875
2 0.5140625 0.78828125 0.2546875 0.08125
2 0.784375 0.17890625 0.26875 0.090625
2 0.79453125 0.29453125 0.2984375 0.10625
2 0.7890625 0.43046875 0.246875 0.090625
2 0.7984375 0.54296875 0.2609375 0.0921875
2 0.7890625 0.6578125 0.26875 0.1046875
2 0.80546875 0.775 0.259375 0.1015625