2 0.78828125 0.2171875 0.23125 0.0796875
2 0.7953125 0.3296875 0.26875 0.084375
2 0.7828125 0.43203125 0.275 0.1
2 0.78359375 0.5578125 0.26875 0.11875
2 0.7796875 0.6765625 0.2625 0.0765625
2 0.78515625 0.78359375 0.2859375 0.103125
2 0.49375 0.2015625 0.2578125 0.0765625
2 0.4859375 0.31484375 0.2796875 0.0875
2 0.48203125 0.428125 0.3 0.103125
2 0.4875 0.55859375 0.3 0.10625
2 0.48359375 0.6796875 0.271875 0.09375
2 0.478125 0.79140625 0.2578125 0.08125
2 0.203125 0.175 0.271875 0.090625
2 0.19375 0.29140625 0.303125 0.1078125
2 0.19921875 0.4296875 0.25 0.090625
2 0.18984375 0.54296875 0.265625 0.09375
2 0.19921875 0.66015625 0.271875 0.10625
2 0.18203125 0.77890625 0.2625 0.103125