4 0.9448529411764706 0.176 0.10845588235294118 0.352
4 0.13832720588235295 0.223 0.109375 0.33
4 0.5808823529411765 0.253 0.10018382352941177 0.31
4 0.8023897058823529 0.244 0.12683823529411764 0.342
4 0.6668198529411765 0.257 0.08547794117647059 0.368
4 0.25275735294117646 0.294 0.1056985294117647 0.342
4 0.37454044117647056 0.29 0.09466911764705882 0.326
4 0.4719669117647059 0.303 0.12040441176470588 0.368
4 0.7904411764705882 0.545 0.12408088235294118 0.46
4 0.9145220588235294 0.563 0.07628676470588236 0.416
4 0.06985294117647059 0.639 0.11856617647058823 0.498
4 0.22518382352941177 0.635 0.16819852941176472 0.498
4 0.53125 0.624 0.13878676470588236 0.46
4 0.6760110294117647 0.614 0.09834558823529412 0.41
4 0.37637867647058826 0.648 0.14338235294117646 0.538