4 0.0546875 0.209 0.109375 0.418
4 0.8602941176470589 0.2 0.11121323529411764 0.326
4 0.4177389705882353 0.281 0.10202205882352941 0.306
4 0.1957720588235294 0.296 0.12867647058823528 0.336
4 0.3313419117647059 0.294 0.08823529411764706 0.364
4 0.7458639705882353 0.284 0.10753676470588236 0.338
4 0.6236213235294118 0.294 0.09650735294117647 0.324
4 0.5261948529411765 0.318 0.12224264705882353 0.364
4 0.20634191176470587 0.596 0.12591911764705882 0.456
4 0.0818014705882353 0.627 0.078125 0.412
4 0.9269301470588235 0.607 0.1213235294117647 0.494
4 0.7711397058823529 0.621 0.17095588235294118 0.492
4 0.4650735294117647 0.645 0.14154411764705882 0.454
4 0.3203125 0.651 0.10110294117647059 0.408
4 0.6199448529411765 0.652 0.14613970588235295 0.534