5 0.403125 0.290625 0.5890625 0.5796875
5 0.603125 0.28125 0.571875 0.5203125
5 0.49765625 0.11875 0.3140625 0.2375
5 0.61640625 0.1578125 0.3640625 0.315625
5 0.57265625 0.05234375 0.2015625 0.1046875
5 0.73125 0.37421875 0.453125 0.4359375
5 0.8390625 0.45625 0.321875 0.371875
5 0.95859375 0.45859375 0.0828125 0.1484375
5 0.92109375 0.36015625 0.1578125 0.2609375
5 0.85 0.23203125 0.1640625 0.1609375
5 0.1625 0.75 0.2921875 0.3640625
5 0.07734375 0.56328125 0.1546875 0.3203125
5 0.26015625 0.68203125 0.471875 0.46875
5 0.128125 0.5234375 0.25625 0.2875
5 0.3046875 0.496875 0.2796875 0.3
5 0.52421875 0.7390625 0.7328125 0.521875