5 0.2640625 0.321875 0.528125 0.53125
5 0.634375 0.48828125 0.178125 0.196875
5 0.8234375 0.27734375 0.346875 0.5546875
5 0.359375 0.9203125 0.3390625 0.1546875
5 0.071875 0.97734375 0.1390625 0.04375
5 0.6515625 0.9421875 0.2140625 0.1140625
5 0.81953125 0.9421875 0.1390625 0.1140625
5 0.5953125 0.63671875 0.1328125 0.096875
5 0.27578125 0.2671875 0.140625 0.15
5 0.31484375 0.16171875 0.1453125 0.140625
5 0.3703125 0.3 0.121875 0.14375
5 0.2171875 0.39921875 0.1265625 0.159375
5 0.33046875 0.4046875 0.1875 0.15625
5 0.121875 0.14609375 0.1609375 0.1640625
5 0.1515625 0.534375 0.1875 0.0828125
5 0.28515625 0.39296875 0.2671875 0.3125
5 0.93984375 0.21640625 0.115625 0.134375
5 0.8390625 0.0703125 0.09375 0.140625
5 0.7140625 0.21640625 0.1078125 0.1640625
5 0.9578125 0.396875 0.084375 0.190625
5 0.3765625 0.903125 0.171875 0.1234375