5 0.81015625 0.31875 0.228125 0.2125
5 0.903125 0.23984375 0.19375 0.2109375
5 0.79296875 0.48515625 0.315625 0.296875
5 0.93515625 0.43046875 0.1296875 0.2515625
5 0.459375 0.68984375 0.290625 0.334375
5 0.540625 0.91015625 0.19375 0.1796875
5 0.7140625 0.8890625 0.25 0.221875
5 0.26796875 0.2984375 0.2875 0.3015625
5 0.49140625 0.21171875 0.175 0.1859375
5 0.409375 0.4296875 0.2203125 0.2046875
5 0.1984375 0.7640625 0.2640625 0.2296875
5 0.13828125 0.521875 0.2765625 0.440625
5 0.1234375 0.84140625 0.19375 0.1234375