5 0.1078125 0.28515625 0.215625 0.3546875
5 0.18125 0.4125 0.271875 0.3953125
5 0.040625 0.51328125 0.08125 0.2015625
5 0.04453125 0.1546875 0.0890625 0.309375
5 0.6578125 0.30859375 0.68125 0.6171875
5 0.115625 0.67890625 0.2 0.1203125
5 0.25703125 0.69375 0.1171875 0.15
5 0.040625 0.75078125 0.08125 0.2296875
5 0.2828125 0.8125 0.0703125 0.25
5 0.17890625 0.8125 0.2140625 0.2125
5 0.73671875 0.7171875 0.525 0.2
5 0.64375 0.359375 0.13125 0.15
5 0.740625 0.225 0.1703125 0.109375
5 0.54765625 0.178125 0.1328125 0.109375
5 0.71328125 0.71171875 0.153125 0.1484375