5 0.36640625 0.0953125 0.3203125 0.190625
5 0.07578125 0.0765625 0.1515625 0.153125
5 0.20546875 0.10234375 0.1390625 0.2046875
5 0.0796875 0.228125 0.159375 0.196875
5 0.2203125 0.2828125 0.115625 0.1296875
5 0.6765625 0.19921875 0.2546875 0.275
5 0.27421875 0.6921875 0.5484375 0.60625
5 0.6765625 0.74296875 0.2546875 0.5125
5 0.41875 0.5671875 0.1890625 0.134375
5 0.40703125 0.45 0.1703125 0.1015625
5 0.19296875 0.56328125 0.1078125 0.1609375
5 0.13046875 0.4765625 0.1328125 0.1671875
5 0.25625 0.78359375 0.1578125 0.1421875
5 0.35 0.71015625 0.159375 0.175
5 0.64921875 0.2296875 0.1453125 0.1
5 0.71484375 0.7609375 0.128125 0.1453125
5 0.628125 0.83984375 0.1171875 0.1359375
5 0.61171875 0.734375 0.125 0.125
5 0.6171875 0.53515625 0.125 0.0765625