5 0.84296875 0.6859375 0.30625 0.275
5 0.584375 0.7671875 0.3546875 0.33125
5 0.7421875 0.91640625 0.271875 0.1671875
5 0.2296875 0.8234375 0.43125 0.3453125
5 0.7140625 0.253125 0.396875 0.453125
5 0.484375 0.41640625 0.44375 0.553125
5 0.7921875 0.47890625 0.21875 0.234375
5 0.65703125 0.50703125 0.20625 0.275
5 0.796875 0.578125 0.1765625 0.1
5 0.14453125 0.63671875 0.23125 0.1953125
5 0.29296875 0.61484375 0.165625 0.1734375
5 0.18984375 0.34609375 0.29375 0.2453125
5 0.109375 0.515625 0.21875 0.221875
5 0.23359375 0.5 0.2609375 0.2484375