5 0.65546875 0.32890625 0.63125 0.6296875
5 0.7234375 0.51015625 0.553125 0.5859375
5 0.85703125 0.3328125 0.2859375 0.3375
5 0.840625 0.46796875 0.31875 0.3828125
5 0.9375 0.371875 0.125 0.21875
5 0.70546875 0.6640625 0.4796875 0.478125
5 0.684375 0.809375 0.40625 0.38125
5 0.72578125 0.9265625 0.1484375 0.146875
5 0.7953125 0.84609375 0.2359375 0.24375
5 0.88359375 0.71796875 0.175 0.175
5 0.15625 0.284375 0.3125 0.35625
5 0.2640625 0.12578125 0.2875 0.2515625
5 0.24609375 0.35 0.4921875 0.50625
5 0.32890625 0.15625 0.30625 0.30625
5 0.4265625 0.31953125 0.3109375 0.3140625
5 0.30234375 0.634375 0.6046875 0.73125