5 0.19609375 0.30859375 0.3609375 0.6171875
5 0.9390625 0.3640625 0.1203125 0.4359375
5 0.76796875 0.35546875 0.271875 0.4046875
5 0.5203125 0.3390625 0.28125 0.428125
5 0.1890625 0.8546875 0.3765625 0.2859375
5 0.87265625 0.9421875 0.2515625 0.1140625
5 0.6421875 0.91328125 0.346875 0.1703125
5 0.14453125 0.24453125 0.2234375 0.153125
5 0.1828125 0.4390625 0.128125 0.1359375
5 0.28828125 0.1953125 0.128125 0.1171875
5 0.1984375 0.7921875 0.1515625 0.146875
5 0.31484375 0.81796875 0.1015625 0.184375
5 0.16328125 0.88359375 0.15625 0.1109375