5 0.225 0.5953125 0.3875 0.2078125
5 0.0484375 0.31640625 0.096875 0.1390625
5 0.4546875 0.16796875 0.365625 0.2625
5 0.10078125 0.146875 0.1515625 0.09375
5 0.7640625 0.2078125 0.2125 0.184375
5 0.70546875 0.6515625 0.09375 0.09375
5 0.83515625 0.603125 0.2 0.1921875
5 0.72265625 0.396875 0.128125 0.325
5 0.45625 0.153125 0.1609375 0.0828125
5 0.43671875 0.2203125 0.1453125 0.096875
5 0.55234375 0.12890625 0.0953125 0.1046875
5 0.83046875 0.47265625 0.153125 0.15
5 0.26796875 0.596875 0.1765625 0.096875
5 0.1328125 0.60234375 0.1828125 0.1265625