5 0.15859375 0.2546875 0.3171875 0.1875
5 0.4578125 0.22265625 0.284375 0.25
5 0.32421875 0.04921875 0.2484375 0.0984375
5 0.8296875 0.17421875 0.3390625 0.3484375
5 0.25 0.71015625 0.290625 0.371875
5 0.50234375 0.584375 0.3125 0.46875
5 0.209375 0.475 0.165625 0.1875
5 0.34609375 0.46875 0.1390625 0.2390625
5 0.21875 0.3765625 0.1640625 0.053125
5 0.87265625 0.4203125 0.1921875 0.1421875
5 0.72265625 0.41796875 0.128125 0.1375
5 0.7828125 0.70078125 0.2453125 0.178125
5 0.9 0.5484375 0.196875 0.165625
5 0.76328125 0.540625 0.209375 0.190625