5 0.41015625 0.34609375 0.28125 0.365625
5 0.734375 0.39921875 0.23125 0.25625
5 0.30859375 0.73046875 0.6171875 0.4015625
5 0.85703125 0.9234375 0.2828125 0.1515625
5 0.665625 0.8921875 0.096875 0.2140625
5 0.725 0.6578125 0.2125 0.2578125
5 0.9203125 0.646875 0.15625 0.2328125
5 0.33359375 0.2546875 0.1109375 0.159375
5 0.42890625 0.31328125 0.13125 0.1390625
5 0.3546875 0.4 0.103125 0.178125
5 0.21875 0.5984375 0.14375 0.0984375
5 0.51171875 0.40078125 0.090625 0.1640625
5 0.4703125 0.62578125 0.159375 0.09375
5 0.2734375 0.74296875 0.171875 0.1125
5 0.13515625 0.6921875 0.15625 0.0984375
5 0.42890625 0.85 0.128125 0.1234375
5 0.4453125 0.75078125 0.1203125 0.115625
5 0.5640625 0.75625 0.1203125 0.115625
5 0.2484375 0.8890625 0.14375 0.1078125
5 0.26796875 0.8125 0.1640625 0.0875