5 0.7296875 0.52421875 0.5328125 0.5421875
5 0.634375 0.7015625 0.4765625 0.528125
5 0.85859375 0.7109375 0.2828125 0.29375
5 0.740625 0.7796875 0.309375 0.325
5 0.88515625 0.79765625 0.178125 0.1546875
5 0.48828125 0.76328125 0.3984375 0.4171875
5 0.346875 0.8328125 0.346875 0.334375
5 0.28515625 0.93828125 0.1515625 0.1234375
5 0.38828125 0.93359375 0.2796875 0.1328125
5 0.54921875 0.93125 0.1484375 0.1375
5 0.465625 0.1046875 0.365625 0.209375
5 0.6578125 0.0828125 0.2875 0.165625
5 0.46640625 0.20859375 0.4296875 0.4171875
5 0.678125 0.159375 0.2640625 0.25625
5 0.603125 0.334375 0.2765625 0.25625
5 0.25546875 0.3890625 0.5109375 0.665625