5 0.3265625 0.13125 0.2015625 0.2625
5 0.1265625 0.1265625 0.2515625 0.2515625
5 0.4015625 0.25703125 0.053125 0.1921875
5 0.5640625 0.12265625 0.2671875 0.2453125
5 0.83515625 0.1140625 0.1640625 0.1875
5 0.696875 0.13125 0.1375 0.2546875
5 0.82421875 0.2765625 0.1640625 0.18125
5 0.6828125 0.31953125 0.115625 0.096875
5 0.2140625 0.56953125 0.428125 0.4015625
5 0.6703125 0.7984375 0.48125 0.4
5 0.959375 0.95703125 0.0796875 0.084375
5 0.26328125 0.65546875 0.140625 0.25
5 0.715625 0.76796875 0.15625 0.125
5 0.83359375 0.72890625 0.1578125 0.0734375
5 0.7625 0.6265625 0.2 0.0671875
5 0.54140625 0.675 0.1765625 0.0953125