5 0.06875 0.115625 0.1375 0.23125
5 0.25625 0.0296875 0.21875 0.059375
5 0.7640625 0.23203125 0.2671875 0.1765625
5 0.525 0.10078125 0.2546875 0.1765625
5 0.896875 0.08203125 0.2046875 0.1640625
5 0.7203125 0.084375 0.2828125 0.16875
5 0.06484375 0.80546875 0.1296875 0.1828125
5 0.196875 0.79921875 0.1703125 0.18125
5 0.30078125 0.678125 0.15625 0.16875
5 0.11796875 0.64921875 0.1921875 0.1796875
5 0.84375 0.71171875 0.3109375 0.41875
5 0.97265625 0.6828125 0.053125 0.290625
5 0.5609375 0.67578125 0.3375 0.3640625
5 0.69921875 0.475 0.378125 0.1875