5 0.1421875 0.4640625 0.21875 0.23125
5 0.05859375 0.4640625 0.1171875 0.225
5 0.25390625 0.33984375 0.30625 0.3203125
5 0.02265625 0.2984375 0.0453125 0.178125
5 0.0953125 0.26796875 0.190625 0.2453125
5 0.64453125 0.3703125 0.3375 0.3015625
5 0.72890625 0.11484375 0.25 0.2046875
5 0.56328125 0.08828125 0.2515625 0.1765625
5 0.56953125 0.79921875 0.3078125 0.296875
5 0.3375 0.73828125 0.1890625 0.1796875
5 0.53125 0.61015625 0.2109375 0.2234375
5 0.88984375 0.46328125 0.2203125 0.2671875
5 0.81484375 0.72734375 0.3703125 0.4046875
5 0.96875 0.4453125 0.0625 0.190625