5 0.08671875 0.44453125 0.1734375 0.165625
5 0.23203125 0.41015625 0.23125 0.2390625
5 0.33203125 0.2515625 0.1328125 0.3078125
5 0.1265625 0.24296875 0.2515625 0.35625
5 0.646875 0.39921875 0.3203125 0.259375
5 0.93046875 0.4 0.1375 0.1875
5 0.80625 0.38359375 0.1390625 0.2546875
5 0.92578125 0.2296875 0.146875 0.196875
5 0.7921875 0.1765625 0.115625 0.1296875
5 0.11328125 0.7703125 0.2265625 0.4578125
5 0.66328125 0.725 0.5265625 0.3890625
5 0.07578125 0.69609375 0.1515625 0.2171875
5 0.6765625 0.61484375 0.153125 0.0953125
5 0.77578125 0.746875 0.140625 0.1234375