5 0.20859375 0.24375 0.4171875 0.4875
5 0.85234375 0.0640625 0.29375 0.128125
5 0.59453125 0.15234375 0.3203125 0.3046875
5 0.89296875 0.17578125 0.165625 0.1875
5 0.75625 0.19140625 0.1375 0.2546875
5 0.88203125 0.3453125 0.1640625 0.196875
5 0.740625 0.39921875 0.115625 0.1296875
5 0.1359375 0.6703125 0.271875 0.35625
5 0.2453125 0.796875 0.2875 0.3921875
5 0.06875 0.89921875 0.1375 0.2
5 0.071875 0.59140625 0.14375 0.2078125
5 0.68125 0.74375 0.5265625 0.509375
5 0.60703125 0.703125 0.2 0.140625
5 0.7890625 0.8109375 0.140625 0.165625
5 0.15703125 0.26640625 0.271875 0.2890625
5 0.72890625 0.6640625 0.1421875 0.1453125