5 0.3765625 0.1703125 0.1828125 0.3328125
5 0.24140625 0.265625 0.3125 0.3703125
5 0.51953125 0.30546875 0.1015625 0.375
5 0.68046875 0.4078125 0.3203125 0.4203125
5 0.52890625 0.52421875 0.1203125 0.1875
5 0.21640625 0.80859375 0.4328125 0.3796875
5 0.8109375 0.69453125 0.1859375 0.153125
5 0.90859375 0.8453125 0.18125 0.3078125
5 0.20078125 0.79609375 0.159375 0.096875
5 0.32734375 0.84140625 0.175 0.096875
5 0.11484375 0.88125 0.11875 0.1015625
5 0.3265625 0.6921875 0.1171875 0.0984375
5 0.0640625 0.6734375 0.1109375 0.08125
5 0.24609375 0.834375 0.31875 0.2578125