5 0.5484375 0.0890625 0.1015625 0.178125
5 0.5515625 0.553125 0.09375 0.1296875
5 0.0921875 0.43828125 0.184375 0.2546875
5 0.2125 0.23203125 0.2984375 0.259375
5 0.79921875 0.3484375 0.4 0.5390625
5 0.35234375 0.80859375 0.378125 0.3796875
5 0.06640625 0.80390625 0.1328125 0.3703125
5 0.86875 0.93515625 0.2578125 0.128125
5 0.90390625 0.84140625 0.190625 0.2953125
5 0.728125 0.7203125 0.2578125 0.2046875
5 0.7578125 0.3453125 0.125 0.1484375
5 0.85546875 0.18515625 0.10625 0.178125
5 0.74140625 0.1609375 0.15 0.1515625
5 0.8171875 0.37421875 0.1125 0.165625
5 0.7375 0.52265625 0.1140625 0.178125