5 0.2703125 0.1421875 0.28125 0.2828125
5 0.6859375 0.30859375 0.153125 0.1640625
5 0.759375 0.115625 0.159375 0.23125
5 0.64921875 0.0921875 0.0796875 0.1734375
5 0.38671875 0.8375 0.4421875 0.3203125
5 0.80390625 0.76953125 0.3890625 0.4
5 0.28515625 0.08671875 0.11875 0.11875
5 0.25078125 0.2078125 0.1140625 0.1609375
5 0.2078125 0.07421875 0.09375 0.1484375
5 0.3234375 0.16328125 0.1015625 0.140625
5 0.3671875 0.06484375 0.1 0.1265625
5 0.334375 0.825 0.3359375 0.2546875
5 0.703125 0.8328125 0.196875 0.2171875
5 0.7078125 0.653125 0.1953125 0.165625
5 0.8890625 0.72421875 0.2203125 0.31875