5 0.29921875 0.37890625 0.1578125 0.35625
5 0.1421875 0.29296875 0.28125 0.3328125
5 0.2484375 0.125 0.259375 0.25
5 0.2671875 0.5109375 0.2234375 0.3125
5 0.91796875 0.515625 0.1609375 0.303125
5 0.63203125 0.40390625 0.375 0.5265625
5 0.88125 0.2515625 0.2359375 0.503125
5 0.1296875 0.834375 0.259375 0.3296875
5 0.68125 0.7796875 0.5625 0.221875
5 0.1390625 0.8234375 0.1265625 0.1359375
5 0.12890625 0.93046875 0.109375 0.1109375
5 0.21953125 0.8984375 0.084375 0.1484375
5 0.046875 0.75078125 0.09375 0.1484375