5 0.259375 0.29921875 0.28125 0.4
5 0.69375 0.353125 0.4828125 0.290625
5 0.08984375 0.65390625 0.1796875 0.1578125
5 0.115625 0.88359375 0.23125 0.221875
5 0.18359375 0.540625 0.2546875 0.0828125
5 0.06640625 0.55859375 0.1328125 0.11875
5 0.7140625 0.7828125 0.5703125 0.4328125
5 0.67734375 0.68984375 0.1734375 0.125
5 0.69609375 0.84140625 0.265625 0.196875
5 0.8078125 0.65546875 0.128125 0.1515625
5 0.90703125 0.89453125 0.1515625 0.2046875
5 0.51875 0.79453125 0.1546875 0.2046875
5 0.58671875 0.93125 0.1859375 0.134375
5 0.27578125 0.29921875 0.115625 0.1265625
5 0.23203125 0.17109375 0.121875 0.1390625