3 0.17668269230769232 0.5625 0.25961538461538464 0.28125
3 0.43028846153846156 0.6033653846153846 0.25721153846153844 0.27163461538461536
3 0.29447115384615385 0.4795673076923077 0.19951923076923078 0.20673076923076922
3 0.38461538461538464 0.38461538461538464 0.22355769230769232 0.16826923076923078
3 0.5444711538461539 0.5372596153846154 0.23317307692307693 0.25240384615384615
3 0.6466346153846154 0.453125 0.22115384615384615 0.23076923076923078
3 0.47836538461538464 0.3293269230769231 0.21875 0.18028846153846154
3 0.6526442307692307 0.45072115384615385 0.21153846153846154 0.21875
3 0.5649038461538461 0.27163461538461536 0.20432692307692307 0.19230769230769232
3 0.7247596153846154 0.3629807692307692 0.22115384615384615 0.1875
3 0.6730769230769231 0.19951923076923078 0.18509615384615385 0.1658653846153846
3 0.8125 0.31490384615384615 0.1971153846153846 0.22115384615384615
3 0.8834134615384616 0.2439903846153846 0.20432692307692307 0.21153846153846154