3 0.16466346153846154 0.46153846153846156 0.13942307692307693 0.20192307692307693
3 0.2512019230769231 0.5540865384615384 0.13942307692307693 0.20432692307692307
3 0.35216346153846156 0.6670673076923077 0.15144230769230768 0.21634615384615385
3 0.46875 0.7848557692307693 0.14903846153846154 0.21634615384615385
3 0.5961538461538461 0.8942307692307693 0.16105769230769232 0.21153846153846154
3 0.2644230769230769 0.36538461538461536 0.1201923076923077 0.16346153846153846
3 0.3581730769230769 0.43149038461538464 0.125 0.19230769230769232
3 0.4519230769230769 0.5252403846153846 0.13942307692307693 0.19230769230769232
3 0.5673076923076923 0.6358173076923077 0.1466346153846154 0.19951923076923078
3 0.6899038461538461 0.7439903846153846 0.15384615384615385 0.22115384615384615
3 0.3473557692307692 0.2512019230769231 0.125 0.17548076923076922
3 0.4483173076923077 0.3233173076923077 0.12259615384615384 0.17307692307692307
3 0.5432692307692307 0.40865384615384615 0.13221153846153846 0.16826923076923078
3 0.6490384615384616 0.4951923076923077 0.13701923076923078 0.18028846153846154
3 0.765625 0.5985576923076923 0.1466346153846154 0.2091346153846154
3 0.4338942307692308 0.15865384615384615 0.11298076923076923 0.15384615384615385
3 0.5252403846153846 0.22355769230769232 0.11778846153846154 0.17307692307692307
3 0.6153846153846154 0.30528846153846156 0.1201923076923077 0.15384615384615385
3 0.7247596153846154 0.38341346153846156 0.12980769230769232 0.18028846153846154
3 0.8413461538461539 0.484375 0.14423076923076922 0.19230769230769232
3 0.5048076923076923 0.08413461538461539 0.0985576923076923 0.14903846153846154
3 0.5961538461538461 0.15384615384615385 0.10576923076923077 0.1346153846153846
3 0.6899038461538461 0.203125 0.11538461538461539 0.14423076923076922
3 0.7980769230769231 0.28125 0.125 0.15144230769230768
3 0.9038461538461539 0.3581730769230769 0.1346153846153846 0.1875
3 0.5685096153846154 0.038461538461538464 0.10817307692307693 0.07692307692307693
3 0.6538461538461539 0.06971153846153846 0.10096153846153846 0.13942307692307693
3 0.7463942307692307 0.12139423076923077 0.11057692307692307 0.15625
3 0.8497596153846154 0.18870192307692307 0.12259615384615384 0.15144230769230768
3 0.9483173076923077 0.24879807692307693 0.10336538461538461 0.16105769230769232