3 0.13341346153846154 0.7235576923076923 0.23317307692307693 0.3485576923076923
3 0.37740384615384615 0.7319711538461539 0.22596153846153846 0.30288461538461536
3 0.6189903846153846 0.7307692307692307 0.22596153846153846 0.3076923076923077
3 0.8786057692307693 0.7415865384615384 0.24278846153846154 0.31009615384615385
3 0.007211538461538462 0.734375 0.014423076923076924 0.24759615384615385
3 0.019230769230769232 0.4519230769230769 0.038461538461538464 0.20673076923076922
3 0.15504807692307693 0.4651442307692308 0.21634615384615385 0.23798076923076922
3 0.84375 0.4891826923076923 0.21875 0.2668269230769231
3 0.9855769230769231 0.44350961538461536 0.028846153846153848 0.21153846153846154
3 0.03245192307692308 0.21995192307692307 0.06490384615384616 0.19471153846153846
3 0.17307692307692307 0.24639423076923078 0.2091346153846154 0.25721153846153844
3 0.39783653846153844 0.2403846153846154 0.20432692307692307 0.2548076923076923
3 0.38461538461538464 0.4639423076923077 0.21394230769230768 0.29086538461538464
3 0.6153846153846154 0.47115384615384615 0.21153846153846154 0.28365384615384615
3 0.6129807692307693 0.23677884615384615 0.20192307692307693 0.23798076923076922
3 0.8233173076923077 0.2536057692307692 0.20192307692307693 0.2764423076923077
3 0.9663461538461539 0.21995192307692307 0.0673076923076923 0.25