7 0.08166666666666667 0.4017857142857143 0.13333333333333333 0.24404761904761904
7 0.20166666666666666 0.4583333333333333 0.1 0.25
7 0.23166666666666666 0.35714285714285715 0.12333333333333334 0.21428571428571427
7 0.23 0.24107142857142858 0.14333333333333334 0.20238095238095238
7 0.365 0.32142857142857145 0.13 0.25
7 0.30833333333333335 0.5535714285714286 0.13333333333333333 0.25
7 0.44666666666666666 0.5297619047619048 0.15 0.27976190476190477
7 0.4 0.7261904761904762 0.14333333333333334 0.23214285714285715
7 0.82 0.9047619047619048 0.14 0.19047619047619047
7 0.6983333333333334 0.8154761904761905 0.15333333333333332 0.27976190476190477
7 0.7833333333333333 0.6041666666666666 0.15333333333333332 0.25
7 0.9133333333333333 0.7380952380952381 0.13666666666666666 0.32142857142857145