7 0.6226415094339622 0.08157894736842106 0.09433962264150944 0.1631578947368421
7 0.46037735849056605 0.2394736842105263 0.12830188679245283 0.24736842105263157
7 0.7641509433962265 0.31842105263157894 0.10943396226415095 0.15789473684210525
7 0.7075471698113207 0.19210526315789472 0.10566037735849057 0.21578947368421053
7 0.6716981132075471 0.3026315789473684 0.09811320754716982 0.14736842105263157
7 0.5490566037735849 0.35526315789473684 0.13962264150943396 0.24736842105263157
7 0.35471698113207545 0.4921052631578947 0.14339622641509434 0.2736842105263158
7 0.5283018867924528 0.5157894736842106 0.13584905660377358 0.20526315789473684
7 0.5283018867924528 0.6657894736842105 0.13962264150943396 0.1736842105263158
7 0.37924528301886795 0.6789473684210526 0.1320754716981132 0.22105263157894736
7 0.4547169811320755 0.8105263157894737 0.10943396226415095 0.22105263157894736