7 0.30288461538461536 0.6694711538461539 0.10817307692307693 0.11778846153846154
7 0.1502403846153846 0.6971153846153846 0.10096153846153846 0.07932692307692307
7 0.5444711538461539 0.7151442307692307 0.13701923076923078 0.125
7 0.38461538461538464 0.7391826923076923 0.13701923076923078 0.12980769230769232
7 0.6322115384615384 0.7632211538461539 0.11538461538461539 0.12740384615384615
7 0.6923076923076923 0.9050480769230769 0.10096153846153846 0.12740384615384615
7 0.9134615384615384 0.15865384615384615 0.10817307692307693 0.11538461538461539
7 0.34615384615384615 0.2127403846153846 0.0889423076923077 0.0985576923076923
7 0.7956730769230769 0.26802884615384615 0.11298076923076923 0.11298076923076923
7 0.3894230769230769 0.040865384615384616 0.11538461538461539 0.08173076923076923
7 0.27403846153846156 0.41586538461538464 0.06009615384615385 0.06971153846153846
7 0.9399038461538461 0.41346153846153844 0.10096153846153846 0.08653846153846154
7 0.34615384615384615 0.42427884615384615 0.08413461538461539 0.08413461538461539
7 0.3245192307692308 0.24879807692307693 0.08653846153846154 0.08413461538461539
7 0.9795673076923077 0.10697115384615384 0.040865384615384616 0.07932692307692307
7 0.4567307692307692 0.8125 0.11538461538461539 0.11298076923076923
7 0.25841346153846156 0.5288461538461539 0.0889423076923077 0.10096153846153846
7 0.22716346153846154 0.8918269230769231 0.08653846153846154 0.06009615384615385