7 0.25 0.5637019230769231 0.12740384615384615 0.19230769230769232
7 0.7247596153846154 0.8605769230769231 0.1201923076923077 0.18269230769230768
7 0.8882211538461539 0.234375 0.06971153846153846 0.10817307692307693
7 0.6358173076923077 0.23197115384615385 0.13221153846153846 0.18269230769230768
7 0.46875 0.31490384615384615 0.1346153846153846 0.1875
7 0.3557692307692308 0.3473557692307692 0.12980769230769232 0.18509615384615385
7 0.7103365384615384 0.37740384615384615 0.12980769230769232 0.22596153846153846
7 0.8401442307692307 0.9146634615384616 0.08173076923076923 0.10817307692307693
7 0.9290865384615384 0.7211538461538461 0.07932692307692307 0.10336538461538461
7 0.9567307692307693 0.6538461538461539 0.07451923076923077 0.11298076923076923
7 0.8810096153846154 0.375 0.10336538461538461 0.125
7 0.8918269230769231 0.45913461538461536 0.07692307692307693 0.09615384615384616
7 0.18870192307692307 0.6225961538461539 0.08413461538461539 0.13221153846153846
7 0.13581730769230768 0.7211538461538461 0.07211538461538461 0.14182692307692307