7 0.5985576923076923 0.3762019230769231 0.12740384615384615 0.11778846153846154
7 0.04927884615384615 0.3894230769230769 0.09615384615384616 0.07451923076923077
7 0.20072115384615385 0.44591346153846156 0.1466346153846154 0.0985576923076923
7 0.44711538461538464 0.4723557692307692 0.12259615384615384 0.10336538461538461
7 0.6177884615384616 0.5096153846153846 0.12980769230769232 0.13701923076923078
7 0.7379807692307693 0.6105769230769231 0.15144230769230768 0.10576923076923077
7 0.0733173076923077 0.7487980769230769 0.125 0.09375
7 0.5144230769230769 0.7752403846153846 0.1466346153846154 0.12740384615384615
7 0.6610576923076923 0.7716346153846154 0.15384615384615385 0.125
7 0.8112980769230769 0.8894230769230769 0.15144230769230768 0.09134615384615384
7 0.10576923076923077 0.8786057692307693 0.13942307692307693 0.09375
7 0.2536057692307692 0.15745192307692307 0.07451923076923077 0.07211538461538461
7 0.8629807692307693 0.17307692307692307 0.07692307692307693 0.052884615384615384
7 0.4074519230769231 0.2127403846153846 0.09615384615384616 0.06490384615384616
7 0.3858173076923077 0.44591346153846156 0.09375 0.07451923076923077
7 0.6418269230769231 0.6586538461538461 0.14182692307692307 0.10096153846153846
7 0.8004807692307693 0.6911057692307693 0.15384615384615385 0.10336538461538461
7 0.19230769230769232 0.5096153846153846 0.18269230769230768 0.0889423076923077
7 0.5168269230769231 0.546875 0.125 0.09375