7 0.12934362934362933 0.37371134020618557 0.08108108108108109 0.12371134020618557
7 0.14285714285714285 0.6752577319587629 0.12355212355212356 0.12886597938144329
7 0.3359073359073359 0.7989690721649485 0.07722007722007722 0.14432989690721648
7 0.3745173745173745 0.8273195876288659 0.07722007722007722 0.13917525773195877
7 0.6853281853281853 0.5798969072164949 0.18146718146718147 0.25257731958762886
7 0.8532818532818532 0.5463917525773195 0.20463320463320464 0.24742268041237114
7 0.8416988416988417 0.8195876288659794 0.07722007722007722 0.12371134020618557
7 0.6312741312741312 0.7525773195876289 0.05791505791505792 0.08247422680412371
7 0.4980694980694981 0.7551546391752577 0.04633204633204633 0.07216494845360824
7 0.40733590733590735 0.7036082474226805 0.05791505791505792 0.11855670103092783
7 0.4922779922779923 0.6365979381443299 0.06177606177606178 0.0979381443298969
7 0.24324324324324326 0.5541237113402062 0.06177606177606178 0.0979381443298969
7 0.944015444015444 0.27835051546391754 0.11196911196911197 0.17525773195876287
7 0.08687258687258688 0.24742268041237114 0.0694980694980695 0.09278350515463918
7 0.14092664092664092 0.2654639175257732 0.04247104247104247 0.041237113402061855
7 0.16795366795366795 0.4793814432989691 0.04247104247104247 0.061855670103092786