7 0.14333333333333334 0.1130952380952381 0.08666666666666667 0.20833333333333334
7 0.085 0.125 0.056666666666666664 0.17857142857142858
7 0.165 0.2619047619047619 0.043333333333333335 0.125
7 0.21166666666666667 0.2648809523809524 0.07 0.17857142857142858
7 0.18166666666666667 0.4851190476190476 0.07666666666666666 0.16666666666666666
7 0.20666666666666667 0.4255952380952381 0.06333333333333334 0.10714285714285714
7 0.27666666666666667 0.7291666666666666 0.08 0.17261904761904762
7 0.335 0.6398809523809523 0.08 0.14285714285714285
7 0.42333333333333334 0.9345238095238095 0.08666666666666667 0.13095238095238096
7 0.845 0.44345238095238093 0.08333333333333333 0.16071428571428573
7 0.87 0.25297619047619047 0.08666666666666667 0.15476190476190477
7 0.895 0.22916666666666666 0.10333333333333333 0.1488095238095238
7 0.8266666666666667 0.19345238095238096 0.06666666666666667 0.14285714285714285
7 0.8266666666666667 0.2916666666666667 0.06 0.14285714285714285
7 0.6783333333333333 0.17261904761904762 0.07 0.17857142857142858
7 0.48833333333333334 0.22023809523809523 0.06333333333333334 0.13690476190476192
7 0.5516666666666666 0.2648809523809524 0.07333333333333333 0.13690476190476192
7 0.5916666666666667 0.2916666666666667 0.03666666666666667 0.1130952380952381
7 0.5583333333333333 0.4107142857142857 0.06333333333333334 0.11904761904761904
7 0.505 0.47619047619047616 0.08333333333333333 0.19642857142857142
7 0.5616666666666666 0.08928571428571429 0.07 0.14285714285714285
7 0.6116666666666667 0.07142857142857142 0.07333333333333333 0.14285714285714285
7 0.6883333333333334 0.047619047619047616 0.07333333333333333 0.09523809523809523