7 0.15604026845637584 0.23076923076923078 0.14093959731543623 0.21301775147928995
7 0.17114093959731544 0.4437869822485207 0.14093959731543623 0.23076923076923078
7 0.34395973154362414 0.5680473372781065 0.1610738255033557 0.2781065088757396
7 0.3053691275167785 0.4260355029585799 0.12080536912751678 0.20118343195266272
7 0.4446308724832215 0.3816568047337278 0.15436241610738255 0.3136094674556213
7 0.4899328859060403 0.6301775147928994 0.16778523489932887 0.17751479289940827
7 0.6157718120805369 0.4911242603550296 0.15771812080536912 0.30177514792899407
7 0.7718120805369127 0.8461538461538461 0.1476510067114094 0.2485207100591716
7 0.24496644295302014 0.849112426035503 0.1476510067114094 0.2603550295857988
7 0.44798657718120805 0.10355029585798817 0.11073825503355705 0.1834319526627219
7 0.7919463087248322 0.23964497041420119 0.1644295302013423 0.1952662721893491