7 0.09333333333333334 0.10222222222222223 0.11555555555555555 0.12444444444444444
7 0.40444444444444444 0.1622222222222222 0.1111111111111111 0.1288888888888889
7 0.5488888888888889 0.044444444444444446 0.13333333333333333 0.08888888888888889
7 0.7911111111111111 0.12222222222222222 0.16 0.15555555555555556
7 0.8088888888888889 0.3377777777777778 0.16444444444444445 0.13777777777777778
7 0.86 0.4577777777777778 0.1111111111111111 0.13777777777777778
7 0.8911111111111111 0.56 0.1111111111111111 0.09333333333333334
7 0.6733333333333333 0.36666666666666664 0.13777777777777778 0.13333333333333333
7 0.6911111111111111 0.4533333333333333 0.10666666666666667 0.09777777777777778
7 0.5711111111111111 0.4266666666666667 0.12444444444444444 0.13777777777777778
7 0.5511111111111111 0.30444444444444446 0.13777777777777778 0.13333333333333333
7 0.36666666666666664 0.31555555555555553 0.1111111111111111 0.1111111111111111
7 0.43777777777777777 0.39111111111111113 0.11555555555555555 0.14222222222222222
7 0.4577777777777778 0.29777777777777775 0.057777777777777775 0.10222222222222223
7 0.33111111111111113 0.4311111111111111 0.12444444444444444 0.08
7 0.40444444444444444 0.5288888888888889 0.18222222222222223 0.14666666666666667
7 0.4666666666666667 0.6644444444444444 0.17333333333333334 0.16444444444444445
7 0.17777777777777778 0.24222222222222223 0.12444444444444444 0.10666666666666667
7 0.25333333333333335 0.6533333333333333 0.08444444444444445 0.11555555555555555