9 0.21953125 0.2796875 0.196875 0.2421875
9 0.35078125 0.35 0.1375 0.2125
9 0.4015625 0.1890625 0.2203125 0.2515625
9 0.57890625 0.25234375 0.2234375 0.2765625
9 0.75 0.3046875 0.2078125 0.25625
9 0.853125 0.4828125 0.2296875 0.3109375
9 0.66328125 0.459375 0.234375 0.259375
9 0.70546875 0.67578125 0.246875 0.3578125
9 0.55 0.76796875 0.1703125 0.2390625
9 0.54453125 0.58359375 0.1734375 0.2
9 0.4671875 0.41953125 0.2109375 0.29375
9 0.26171875 0.5078125 0.2 0.3
9 0.40390625 0.690625 0.2046875 0.2703125
9 0.39765625 0.88359375 0.1890625 0.175
9 0.2265625 0.83828125 0.2265625 0.296875