9 0.28046875 0.21796875 0.215625 0.2578125
9 0.3875 0.321875 0.15625 0.221875
9 0.47265625 0.17265625 0.240625 0.26875
9 0.625 0.28046875 0.2453125 0.29375
9 0.7734375 0.37578125 0.2296875 0.2734375
9 0.828125 0.58046875 0.2546875 0.3296875
9 0.65546875 0.509375 0.25625 0.278125
9 0.64375 0.7359375 0.2765625 0.3765625
9 0.47578125 0.78984375 0.190625 0.253125
9 0.5140625 0.60390625 0.1875 0.2140625
9 0.4796875 0.4203125 0.2359375 0.309375
9 0.26640625 0.45703125 0.2265625 0.3140625
9 0.35546875 0.67578125 0.2265625 0.2859375
9 0.303125 0.871875 0.203125 0.2015625
9 0.15078125 0.790625 0.253125 0.3375