8 0.27884615384615385 0.22716346153846154 0.18990384615384615 0.28365384615384615
8 0.4723557692307692 0.19471153846153846 0.12259615384615384 0.18509615384615385
8 0.16466346153846154 0.25 0.13942307692307693 0.18990384615384615
8 0.6225961538461539 0.2536057692307692 0.24759615384615385 0.3701923076923077
8 0.4206730769230769 0.3605769230769231 0.19471153846153846 0.28846153846153844
8 0.2692307692307692 0.4411057692307692 0.15865384615384615 0.19230769230769232
8 0.8161057692307693 0.4254807692307692 0.24519230769230768 0.3557692307692308
8 0.2980769230769231 0.6454326923076923 0.23798076923076922 0.31009615384615385
8 0.6911057692307693 0.6466346153846154 0.27884615384615385 0.4567307692307692
8 0.5084134615384616 0.7067307692307693 0.27163461538461536 0.4206730769230769
8 0.4098557692307692 0.8149038461538461 0.14423076923076922 0.2091346153846154