8 0.34615384615384615 0.18389423076923078 0.16105769230769232 0.2692307692307692
8 0.5408653846153846 0.19591346153846154 0.10336538461538461 0.17548076923076922
8 0.22956730769230768 0.1814903846153846 0.1201923076923077 0.1778846153846154
8 0.6742788461538461 0.28725961538461536 0.2091346153846154 0.35096153846153844
8 0.4543269230769231 0.34615384615384615 0.1658653846153846 0.27403846153846156
8 0.28966346153846156 0.390625 0.13942307692307693 0.18028846153846154
8 0.8245192307692307 0.4987980769230769 0.2091346153846154 0.33653846153846156
8 0.27163461538461536 0.5961538461538461 0.20673076923076922 0.29086538461538464
8 0.6526442307692307 0.6862980769230769 0.2283653846153846 0.4375
8 0.46153846153846156 0.7043269230769231 0.22596153846153846 0.4014423076923077
8 0.34134615384615385 0.7860576923076923 0.12259615384615384 0.1971153846153846