8 0.47475961538461536 0.14903846153846154 0.24519230769230768 0.2980769230769231
8 0.6514423076923077 0.234375 0.15865384615384615 0.19471153846153846
8 0.36778846153846156 0.10336538461538461 0.17307692307692307 0.20432692307692307
8 0.7415865384615384 0.36899038461538464 0.31971153846153844 0.3918269230769231
8 0.5144230769230769 0.3401442307692308 0.25 0.30528846153846156
8 0.34615384615384615 0.31971153846153844 0.18990384615384615 0.21153846153846154
8 0.8016826923076923 0.6213942307692307 0.3125 0.37740384615384615
8 0.2512019230769231 0.5036057692307693 0.2932692307692308 0.33653846153846156
8 0.5721153846153846 0.7295673076923077 0.36778846153846156 0.47596153846153844
8 0.38822115384615385 0.6742788461538461 0.35336538461538464 0.4423076923076923
8 0.24639423076923078 0.7067307692307693 0.18269230769230768 0.22115384615384615